-5.27368e-02
2.73587e-01
3.12831e-02
1.59316e-01
8.72942e-03
3.62114e-01
4.81767e-02
3.55882e-01
-6.06827e-01
-2.55586e-02
5.45519e-01
1.45947e-01
6.82910e-02
6.24710e-02
1.48392e-01
2.47263e-01
1.52042e-01
1.23370e-01
-4.83096e-02
4.68726e-01
-6.27737e-01
2.40547e-02
5.07127e-02
1.59354e-01
6.18641e-01
-2.38825e-01
2.15367e-01
4.19160e-01
-1.75363e-01
2.86257e-01
1.85740e-01
3.26887e-01
7.53073e-02
-2.79935e-02
2.39825e-01
3.80740e-02
4.39027e-01
6.33880e-02
1.28433e-01
-1.82645e-01
-4.19623e-02
-7.85798e-02
4.60961e-01
6.15985e-02
1.71113e-01
2.10466e-01
3.13231e-01
3.68641e-01
8.46897e-02
-5.86613e-01
1.08699e-01
-1.93255e-01
1.99366e-01
5.83159e-01
-3.92832e-02
3.17387e-01
7.23441e-01
-2.56597e-03
-6.46801e-03
-1.96525e-01
3.01588e-01
3.56244e-03
1.52569e-01
-2.48808e-02
