7.16663e-02
2.65279e-02
-2.99274e-02
3.89421e-02
9.24670e-02
2.07454e-03
3.43893e-01
3.29263e-03
1.23852e-01
2.11516e-02
1.44060e-02
1.10548e-01
1.44118e-01
1.48791e-01
-9.14840e-02
9.46771e-02
1.66679e-01
1.90894e-02
3.07740e-02
5.64620e-02
1.47200e-01
8.98868e-02
9.45571e-02
2.14440e-01
1.62679e-01
1.34355e-01
-3.22305e-01
5.59086e-02
-8.67097e-02
9.70977e-02
2.37698e-01
1.77946e-01
1.58512e-01
3.78503e-01
-2.11176e-01
-1.05313e-01
1.56958e-01
9.98549e-02
-3.54797e-01
-2.79539e-01
4.67838e-01
-3.20921e-02
2.25817e-01
-9.27701e-02
1.45825e-01
-6.80556e-02
2.19039e-01
-2.90681e-01
6.45577e-02
1.32828e-01
1.07338e-01
-4.55073e-03
1.91519e-01
5.62559e-03
5.81063e-01
2.24647e-02
2.06127e-01
2.62601e-01
4.29791e-02
1.17038e-01
2.25679e-01
2.45430e-01
-6.73563e-03
7.91717e-02
