1.92914e+00 1.27966e+00
1.89275e+00 1.17106e+00
1.79154e+00 1.13316e+00
1.66003e+00 1.14086e+00
1.50740e+00 1.18939e+00
1.36206e+00 1.25443e+00
1.22706e+00 1.32986e+00
1.09895e+00 1.41674e+00
9.92462e-01 1.50309e+00
9.07091e-01 1.58646e+00
8.31009e-01 1.67527e+00
7.65652e-01 1.76636e+00
7.17674e-01 1.85160e+00
6.83607e-01 1.92846e+00
6.57112e-01 2.00000e+00
6.35172e-01 2.07036e+00
6.17566e-01 2.13987e+00
6.03980e-01 2.20818e+00
5.94103e-01 2.27507e+00
5.87639e-01 2.34029e+00
5.84295e-01 2.40365e+00
5.83397e-01 2.46530e+00
5.85747e-01 2.52416e+00
5.91044e-01 2.58004e+00
5.98965e-01 2.63283e+00
6.09206e-01 2.68245e+00
6.21470e-01 2.72887e+00
6.35483e-01 2.77204e+00
6.52241e-01 2.81114e+00
6.74000e-01 2.84326e+00
7.02823e-01 2.86445e+00
7.39083e-01 2.87313e+00
7.83080e-01 2.86772e+00
8.34673e-01 2.84679e+00
8.94124e-01 2.80880e+00
9.66722e-01 2.74937e+00
1.04899e+00 2.66927e+00
1.15205e+00 2.55668e+00
1.27548e+00 2.40708e+00
1.41922e+00 2.21893e+00
1.57690e+00 1.99641e+00
1.72900e+00 1.75518e+00
1.86387e+00 1.50834e+00
1.92894e+00 1.31032e+00
1.90773e+00 1.18688e+00
1.81776e+00 1.13542e+00
1.69181e+00 1.13394e+00
1.53928e+00 1.17763e+00
1.39073e+00 1.24067e+00
1.25495e+00 1.31303e+00
1.12510e+00 1.39787e+00
1.01160e+00 1.48639e+00
9.23940e-01 1.56881e+00
8.46130e-01 1.65635e+00
7.77555e-01 1.74832e+00
7.25705e-01 1.83530e+00
6.88968e-01 1.91381e+00
6.61635e-01 1.98600e+00
6.38822e-01 2.05652e+00
6.20406e-01 2.12624e+00
6.06071e-01 2.19484e+00
5.95507e-01 2.26205e+00
5.88411e-01 2.32763e+00
5.84494e-01 2.39138e+00
5.83074e-01 2.45347e+00
5.84823e-01 2.51291e+00
5.89584e-01 2.56940e+00
5.97031e-01 2.62281e+00
6.06856e-01 2.67308e+00
6.18761e-01 2.72013e+00
6.32468e-01 2.76395e+00
6.48665e-01 2.80375e+00
6.69074e-01 2.83785e+00
6.96466e-01 2.86135e+00
7.31226e-01 2.87265e+00
7.73673e-01 2.87016e+00
8.24036e-01 2.85234e+00
8.81533e-01 2.81799e+00
9.51480e-01 2.76298e+00
1.03369e+00 2.68572e+00
1.13111e+00 2.58120e+00
1.25055e+00 2.43857e+00
1.39003e+00 2.25824e+00
1.54779e+00 2.03940e+00
1.70323e+00 1.79987e+00
1.84265e+00 1.55133e+00
1.91961e+00 1.34465e+00
1.91443e+00 1.20704e+00
1.83668e+00 1.14222e+00
1.71364e+00 1.13481e+00
1.56603e+00 1.17021e+00
1.41613e+00 1.23039e+00
1.27979e+00 1.29987e+00
1.14892e+00 1.38239e+00
1.03023e+00 1.47182e+00
9.39503e-01 1.55414e+00
8.59689e-01 1.64116e+00
7.89275e-01 1.73273e+00
7.34538e-01 1.82056e+00
6.96539e-01 1.89963e+00
6.67624e-01 1.97275e+00
6.43874e-01 2.04331e+00
6.24584e-01 2.11311e+00
6.09434e-01 2.18187e+00
5.98115e-01 2.24929e+00
5.90322e-01 2.31513e+00
5.85763e-01 2.37919e+00
5.83755e-01 2.44163e+00
5.84849e-01 2.50157e+00
5.89014e-01 2.55859e+00
5.95927e-01 2.61257e+00
6.05279e-01 2.66340e+00
6.16766e-01 2.71105e+00
6.30109e-01 2.75546e+00
6.45563e-01 2.79617e+00
6.64884e-01 2.83180e+00
6.90927e-01 2.85738e+00
7.24269e-01 2.87108e+00
7.65238e-01 2.87129e+00
8.14085e-01 2.85645e+00
8.70043e-01 2.82538e+00
9.37457e-01 2.77451e+00
1.01887e+00 2.70013e+00
1.11045e+00 2.60333e+00
1.22625e+00 2.46764e+00
1.36122e+00 2.29528e+00
1.51806e+00 2.08172e+00
1.67401e+00 1.84638e+00
1.81669e+00 1.59799e+00
1.90759e+00 1.38179e+00
1.91919e+00 1.22973e+00
1.85475e+00 1.15073e+00
1.73564e+00 1.13644e+00
1.59416e+00 1.16229e+00
1.44376e+00 1.21875e+00
1.30585e+00 1.28600e+00
1.17389e+00 1.36609e+00
1.05149e+00 1.45503e+00
9.55793e-01 1.53871e+00
8.74568e-01 1.62427e+00
8.02419e-01 1.71493e+00
7.44388e-01 1.80375e+00
7.03292e-01 1.88481e+00
6.72859e-01 1.95894e+00
6.48199e-01 2.02960e+00
6.28061e-01 2.09958e+00
6.12126e-01 2.16856e+00
6.00081e-01 2.23625e+00
5.91620e-01 2.30242e+00
5.86450e-01 2.36684e+00
5.84003e-01 2.42957e+00
5.84453e-01 2.49005e+00
5.88038e-01 2.54765e+00
5.94435e-01 2.60223e+00
6.03328e-01 2.65369e+00
6.14415e-01 2.70196e+00
6.27409e-01 2.74700e+00
6.42039e-01 2.78881e+00
6.60408e-01 2.82579e+00
6.85051e-01 2.85357e+00
7.16921e-01 2.86977e+00
7.56365e-01 2.87279e+00
8.03645e-01 2.86107e+00
8.58016e-01 2.83342e+00
9.22806e-01 2.78684e+00
1.00133e+00 2.71744e+00
1.08861e+00 2.62700e+00
1.20110e+00 2.49830e+00
1.33368e+00 2.33256e+00
1.48716e+00 2.12639e+00
1.64511e+00 1.89384e+00
1.79014e+00 1.64671e+00
1.89622e+00 1.41998e+00
1.92495e+00 1.25298e+00
1.87428e+00 1.15919e+00
1.76316e+00 1.13397e+00
1.62651e+00 1.15093e+00
1.47475e+00 1.20384e+00
1.33340e+00 1.26998e+00
1.19969e+00 1.34799e+00
1.07373e+00 1.43644e+00
9.72622e-01 1.52177e+00
8.89707e-01 1.60604e+00
8.15627e-01 1.69594e+00
7.54096e-01 1.78589e+00
7.09172e-01 1.86946e+00
6.77811e-01 1.94434e+00
6.52273e-01 2.01540e+00
6.31283e-01 2.08558e+00
6.14560e-01 2.15482e+00
6.01787e-01 2.22283e+00
5.92660e-01 2.28935e+00
5.86879e-01 2.35416e+00
5.84028e-01 2.41719e+00
5.83829e-01 2.47825e+00
5.86832e-01 2.53646e+00
5.92711e-01 2.59167e+00
6.01148e-01 2.64376e+00
6.11838e-01 2.69269e+00
6.24492e-01 2.73839e+00
6.38833e-01 2.78087e+00
6.56240e-01 2.81915e+00
6.79487e-01 2.84907e+00
7.09885e-01 2.86771e+00
7.47792e-01 2.87351e+00
7.93493e-01 2.86487e+00
8.46259e-01 2.84059e+00
9.08409e-01 2.79829e+00
9.84012e-01 2.73385e+00
1.06797e+00 2.64918e+00
1.17671e+00 2.52779e+00
1.30483e+00 2.36997e+00
1.45359e+00 2.17264e+00
1.61116e+00 1.94580e+00
1.76013e+00 1.70059e+00
1.88222e+00 1.46245e+00
1.92914e+00 1.27962e+00
1.89274e+00 1.17105e+00
1.79151e+00 1.13316e+00
1.65999e+00 1.14086e+00
1.50736e+00 1.18941e+00
1.36202e+00 1.25445e+00
1.22703e+00 1.32988e+00
1.09892e+00 1.41677e+00
9.92440e-01 1.50311e+00
9.07070e-01 1.58649e+00
8.30992e-01 1.67529e+00
7.65639e-01 1.76638e+00
7.17664e-01 1.85162e+00
6.83601e-01 1.92848e+00
6.57108e-01 2.00002e+00
6.35168e-01 2.07038e+00
6.17563e-01 2.13988e+00
6.03978e-01 2.20820e+00
5.94102e-01 2.27508e+00
5.87638e-01 2.34031e+00
5.84296e-01 2.40366e+00
5.83398e-01 2.46531e+00
5.85749e-01 2.52417e+00
5.91045e-01 2.58005e+00
5.98968e-01 2.63284e+00
6.09209e-01 2.68246e+00
6.21474e-01 2.72888e+00
6.35486e-01 2.77205e+00
6.52245e-01 2.81115e+00
6.74006e-01 2.84326e+00
7.02832e-01 2.86446e+00
7.39093e-01 2.87313e+00
7.83091e-01 2.86772e+00
8.34686e-01 2.84678e+00
8.94138e-01 2.80880e+00
9.66740e-01 2.74935e+00
1.04901e+00 2.66925e+00
1.15208e+00 2.55665e+00
1.27552e+00 2.40704e+00
1.41926e+00 2.21888e+00
1.57694e+00 1.99635e+00
1.72903e+00 1.75512e+00
1.86389e+00 1.50829e+00
1.92894e+00 1.31029e+00
1.90771e+00 1.18686e+00
1.81773e+00 1.13542e+00
1.69177e+00 1.13394e+00
1.53924e+00 1.17765e+00
1.39069e+00 1.24069e+00
1.25492e+00 1.31305e+00
1.12508e+00 1.39790e+00
1.01158e+00 1.48641e+00
9.23922e-01 1.56883e+00
8.46114e-01 1.65638e+00
7.77541e-01 1.74834e+00
7.25695e-01 1.83533e+00
6.88961e-01 1.91382e+00
6.61629e-01 1.98601e+00
6.38816e-01 2.05654e+00
6.20401e-01 2.12626e+00
6.06067e-01 2.19485e+00
5.95504e-01 2.26207e+00
5.88409e-01 2.32765e+00
5.84492e-01 2.39140e+00
5.83073e-01 2.45349e+00
5.84824e-01 2.51292e+00
5.89584e-01 2.56941e+00
5.97033e-01 2.62282e+00
6.06857e-01 2.67309e+00
6.18764e-01 2.72015e+00
6.32471e-01 2.76396e+00
6.48669e-01 2.80375e+00
6.69079e-01 2.83786e+00
6.96472e-01 2.86136e+00
7.31235e-01 2.87265e+00
7.73682e-01 2.87016e+00
8.24048e-01 2.85233e+00
8.81546e-01 2.81799e+00
9.51497e-01 2.76296e+00
1.03371e+00 2.68569e+00
1.13113e+00 2.58118e+00
1.25058e+00 2.43854e+00
1.39006e+00 2.25821e+00
1.54782e+00 2.03936e+00
1.70325e+00 1.79983e+00
1.84267e+00 1.55130e+00
1.91962e+00 1.34460e+00
1.91441e+00 1.20703e+00
1.83667e+00 1.14221e+00
1.71362e+00 1.13481e+00
1.56600e+00 1.17021e+00
1.41610e+00 1.23040e+00
1.27976e+00 1.29989e+00
1.14890e+00 1.38241e+00
1.03021e+00 1.47183e+00
9.39488e-01 1.55414e+00
8.59674e-01 1.64118e+00
7.89262e-01 1.73276e+00
7.34529e-01 1.82057e+00
6.96532e-01 1.89964e+00
6.67618e-01 1.97277e+00
6.43869e-01 2.04332e+00
6.24580e-01 2.11312e+00
6.09431e-01 2.18188e+00
5.98112e-01 2.24930e+00
5.90320e-01 2.31515e+00
5.85762e-01 2.37920e+00
5.83756e-01 2.44164e+00
5.84849e-01 2.50158e+00
5.89014e-01 2.55860e+00
5.95929e-01 2.61258e+00
6.05280e-01 2.66341e+00
6.16768e-01 2.71106e+00
6.30112e-01 2.75548e+00
6.45568e-01 2.79617e+00
6.64889e-01 2.83180e+00
6.90933e-01 2.85739e+00
7.24276e-01 2.87108e+00
7.65247e-01 2.87128e+00
8.14095e-01 2.85644e+00
8.70056e-01 2.82537e+00
9.37466e-01 2.77449e+00
1.01889e+00 2.70012e+00
1.11047e+00 2.60331e+00
1.22627e+00 2.46761e+00
1.36125e+00 2.29523e+00
1.51809e+00 2.08167e+00
1.67404e+00 1.84634e+00
1.81672e+00 1.59794e+00
1.90760e+00 1.38176e+00
1.91919e+00 1.22971e+00
1.85473e+00 1.15072e+00
1.73562e+00 1.13644e+00
1.59413e+00 1.16231e+00
1.44372e+00 1.21876e+00
1.30582e+00 1.28602e+00
1.17386e+00 1.36611e+00
1.05147e+00 1.45504e+00
9.55776e-01 1.53873e+00
8.74553e-01 1.62429e+00
8.02406e-01 1.71495e+00
7.44379e-01 1.80376e+00
7.03287e-01 1.88482e+00
6.72854e-01 1.95897e+00
6.48195e-01 2.02961e+00
6.28059e-01 2.09959e+00
6.12124e-01 2.16857e+00
6.00079e-01 2.23627e+00
5.91620e-01 2.30243e+00
5.86450e-01 2.36685e+00
5.84004e-01 2.42958e+00
5.84453e-01 2.49007e+00
5.88039e-01 2.54766e+00
5.94436e-01 2.60224e+00
6.03330e-01 2.65370e+00
6.14418e-01 2.70196e+00
6.27412e-01 2.74701e+00
6.42042e-01 2.78883e+00
6.60412e-01 2.82580e+00
6.85057e-01 2.85357e+00
7.16930e-01 2.86977e+00
7.56373e-01 2.87279e+00
8.03655e-01 2.86107e+00
8.58029e-01 2.83340e+00
9.22822e-01 2.78683e+00
1.00135e+00 2.71743e+00
1.08863e+00 2.62696e+00
1.20113e+00 2.49827e+00
1.33371e+00 2.33253e+00
1.48720e+00 2.12634e+00
1.64514e+00 1.89380e+00
1.79017e+00 1.64665e+00
1.89624e+00 1.41994e+00
1.92495e+00 1.25294e+00
1.87426e+00 1.15917e+00
1.76313e+00 1.13397e+00
1.62646e+00 1.15095e+00
1.47472e+00 1.20386e+00
1.33337e+00 1.27000e+00
1.19967e+00 1.34801e+00
1.07371e+00 1.43646e+00
9.72602e-01 1.52179e+00
8.89690e-01 1.60605e+00
8.15611e-01 1.69597e+00
7.54084e-01 1.78591e+00
7.09164e-01 1.86948e+00
6.77804e-01 1.94436e+00
6.52268e-01 2.01541e+00
6.31279e-01 2.08559e+00
6.14556e-01 2.15483e+00
6.01785e-01 2.22284e+00
5.92658e-01 2.28936e+00
5.86879e-01 2.35417e+00
5.84028e-01 2.41720e+00
5.83829e-01 2.47827e+00
5.86833e-01 2.53647e+00
5.92712e-01 2.59168e+00
6.01150e-01 2.64377e+00
6.11842e-01 2.69270e+00
6.24494e-01 2.73841e+00
6.38837e-01 2.78088e+00
6.56245e-01 2.81915e+00
6.79493e-01 2.84907e+00
7.09893e-01 2.86772e+00
7.47802e-01 2.87350e+00
7.93504e-01 2.86486e+00
8.46273e-01 2.84057e+00
9.08425e-01 2.79828e+00
9.84029e-01 2.73383e+00
1.06799e+00 2.64916e+00
1.17674e+00 2.52775e+00
1.30487e+00 2.36993e+00
1.45363e+00 2.17258e+00
1.61119e+00 1.94575e+00
1.76016e+00 1.70054e+00
1.88223e+00 1.46241e+00
1.92913e+00 1.27960e+00
1.89272e+00 1.17103e+00
1.79148e+00 1.13316e+00
1.65995e+00 1.14088e+00
1.50731e+00 1.18942e+00
1.36199e+00 1.25446e+00
1.22699e+00 1.32991e+00
1.09889e+00 1.41680e+00
9.92420e-01 1.50313e+00
9.07053e-01 1.58650e+00
8.30976e-01 1.67531e+00
7.65627e-01 1.76640e+00
7.17656e-01 1.85164e+00
6.83596e-01 1.92849e+00
6.57104e-01 2.00003e+00
6.35165e-01 2.07041e+00
6.17561e-01 2.13990e+00
6.03976e-01 2.20821e+00
5.94101e-01 2.27510e+00
5.87637e-01 2.34032e+00
5.84297e-01 2.40367e+00
5.83400e-01 2.46532e+00
5.85751e-01 2.52418e+00
5.91048e-01 2.58006e+00
5.98970e-01 2.63285e+00
6.09212e-01 2.68247e+00
6.21477e-01 2.72889e+00
6.35490e-01 2.77205e+00
6.52250e-01 2.81116e+00
6.74012e-01 2.84327e+00
7.02838e-01 2.86446e+00
7.39101e-01 2.87314e+00
7.83102e-01 2.86771e+00
8.34697e-01 2.84678e+00
8.94153e-01 2.80878e+00
9.66757e-01 2.74934e+00
1.04903e+00 2.66923e+00
1.15211e+00 2.55661e+00
1.27554e+00 2.40700e+00
1.41929e+00 2.21883e+00
1.57697e+00 1.99631e+00
1.72906e+00 1.75506e+00
1.86392e+00 1.50825e+00
1.92895e+00 1.31025e+00
1.90770e+00 1.18684e+00
1.81771e+00 1.13541e+00
1.69174e+00 1.13395e+00
1.53922e+00 1.17766e+00
1.39067e+00 1.24071e+00
1.25490e+00 1.31307e+00
1.12506e+00 1.39790e+00
1.01156e+00 1.48642e+00
9.23907e-01 1.56883e+00
8.46100e-01 1.65639e+00
7.77529e-01 1.74836e+00
7.25686e-01 1.83534e+00
6.88953e-01 1.91384e+00
6.61623e-01 1.98603e+00
6.38811e-01 2.05655e+00
6.20398e-01 2.12627e+00
6.06064e-01 2.19487e+00
5.95501e-01 2.26208e+00
5.88407e-01 2.32766e+00
5.84492e-01 2.39141e+00
5.83073e-01 2.45350e+00
5.84824e-01 2.51294e+00
5.89585e-01 2.56942e+00
5.97034e-01 2.62283e+00
6.06860e-01 2.67310e+00
6.18765e-01 2.72016e+00
6.32473e-01 2.76397e+00
6.48672e-01 2.80377e+00
6.69084e-01 2.83786e+00
6.96478e-01 2.86136e+00
7.31242e-01 2.87265e+00
7.73691e-01 2.87016e+00
8.24059e-01 2.85232e+00
8.81559e-01 2.81797e+00
9.51514e-01 2.76295e+00
1.03372e+00 2.68568e+00
1.13115e+00 2.58115e+00
1.25060e+00 2.43852e+00
1.39008e+00 2.25817e+00
1.54785e+00 2.03932e+00
1.70327e+00 1.79979e+00
1.84269e+00 1.55125e+00
1.91964e+00 1.34457e+00
1.91441e+00 1.20701e+00
1.83665e+00 1.14220e+00
1.71360e+00 1.13481e+00
1.56597e+00 1.17022e+00
1.41608e+00 1.23040e+00
1.27973e+00 1.29990e+00
1.14887e+00 1.38242e+00
1.03019e+00 1.47185e+00
9.39473e-01 1.55416e+00
8.59663e-01 1.64119e+00
7.89250e-01 1.73277e+00
7.34519e-01 1.82059e+00
6.96525e-01 1.89966e+00
6.67613e-01 1.97278e+00
6.43866e-01 2.04333e+00
6.24577e-01 2.11313e+00
6.09428e-01 2.18190e+00
5.98111e-01 2.24931e+00
5.90319e-01 2.31516e+00
5.85761e-01 2.37921e+00
5.83755e-01 2.44165e+00
5.84849e-01 2.50159e+00
5.89015e-01 2.55861e+00
5.95930e-01 2.61259e+00
6.05282e-01 2.66342e+00
6.16770e-01 2.71107e+00
6.30113e-01 2.75549e+00
6.45571e-01 2.79618e+00
6.64893e-01 2.83180e+00
6.90938e-01 2.85739e+00
7.24282e-01 2.87108e+00
7.65255e-01 2.87128e+00
8.14105e-01 2.85644e+00
8.70065e-01 2.82537e+00
9.37482e-01 2.77449e+00
1.01891e+00 2.70010e+00
1.11049e+00 2.60329e+00
1.22630e+00 2.46757e+00
1.36128e+00 2.29520e+00
1.51812e+00 2.08164e+00
1.67407e+00 1.84630e+00
1.81674e+00 1.59791e+00
1.90761e+00 1.38173e+00
1.91918e+00 1.22968e+00
1.85471e+00 1.15072e+00
1.73559e+00 1.13644e+00
1.59411e+00 1.16232e+00
1.44370e+00 1.21879e+00
1.30580e+00 1.28603e+00
1.17384e+00 1.36613e+00
1.05145e+00 1.45506e+00
9.55760e-01 1.53875e+00
8.74540e-01 1.62430e+00
8.02394e-01 1.71497e+00
7.44370e-01 1.80378e+00
7.03282e-01 1.88483e+00
6.72849e-01 1.95898e+00
6.48191e-01 2.02963e+00
6.28056e-01 2.09960e+00
6.12122e-01 2.16858e+00
6.00077e-01 2.23628e+00
5.91618e-01 2.30245e+00
5.86450e-01 2.36687e+00
5.84004e-01 2.42959e+00
5.84454e-01 2.49008e+00
5.88040e-01 2.54767e+00
5.94438e-01 2.60224e+00
6.03333e-01 2.65370e+00
6.14421e-01 2.70197e+00
6.27415e-01 2.74702e+00
6.42045e-01 2.78883e+00
6.60416e-01 2.82580e+00
6.85063e-01 2.85357e+00
7.16936e-01 2.86977e+00
7.56382e-01 2.87279e+00
8.03665e-01 2.86106e+00
8.58040e-01 2.83340e+00
9.22831e-01 2.78682e+00
1.00137e+00 2.71741e+00
1.08865e+00 2.62695e+00
1.20115e+00 2.49824e+00
1.33373e+00 2.33248e+00
1.48723e+00 2.12629e+00
1.64517e+00 1.89375e+00
1.79020e+00 1.64661e+00
1.89625e+00 1.41990e+00
1.92495e+00 1.25292e+00
1.87424e+00 1.15916e+00
1.76311e+00 1.13397e+00
1.62644e+00 1.15096e+00
1.47469e+00 1.20386e+00
1.33335e+00 1.27000e+00
1.19964e+00 1.34803e+00
1.07368e+00 1.43649e+00
9.72584e-01 1.52181e+00
8.89674e-01 1.60607e+00
8.15597e-01 1.69599e+00
7.54074e-01 1.78593e+00
7.09159e-01 1.86949e+00
6.77799e-01 1.94437e+00
6.52264e-01 2.01543e+00
6.31275e-01 2.08561e+00
6.14554e-01 2.15484e+00
6.01782e-01 2.22286e+00
5.92656e-01 2.28938e+00
5.86878e-01 2.35418e+00
5.84028e-01 2.41721e+00
5.83829e-01 2.47828e+00
5.86834e-01 2.53648e+00
5.92714e-01 2.59169e+00
6.01153e-01 2.64378e+00
6.11843e-01 2.69271e+00
6.24497e-01 2.73842e+00
6.38841e-01 2.78088e+00
6.56248e-01 2.81917e+00
6.79498e-01 2.84907e+00
7.09899e-01 2.86772e+00
7.47810e-01 2.87351e+00
7.93515e-01 2.86485e+00
8.46285e-01 2.84057e+00
9.08439e-01 2.79827e+00
9.84047e-01 2.73381e+00
1.06801e+00 2.64913e+00
1.17676e+00 2.52772e+00
1.30490e+00 2.36989e+00
1.45366e+00 2.17254e+00
1.61123e+00 1.94569e+00
1.76019e+00 1.70047e+00
1.88225e+00 1.46236e+00
1.92913e+00 1.27956e+00
1.89270e+00 1.17102e+00
1.79145e+00 1.13316e+00
1.65992e+00 1.14088e+00
1.50728e+00 1.18943e+00
1.36196e+00 1.25448e+00
1.22697e+00 1.32992e+00
1.09886e+00 1.41682e+00
9.92401e-01 1.50315e+00
9.07037e-01 1.58652e+00
8.30961e-01 1.67534e+00
7.65617e-01 1.76641e+00
7.17650e-01 1.85165e+00
6.83592e-01 1.92850e+00
6.57100e-01 2.00005e+00
6.35162e-01 2.07042e+00
6.17559e-01 2.13991e+00
6.03974e-01 2.20822e+00
5.94101e-01 2.27511e+00
5.87638e-01 2.34033e+00
5.84297e-01 2.40368e+00
5.83400e-01 2.46533e+00
5.85753e-01 2.52419e+00
5.91050e-01 2.58007e+00
5.98974e-01 2.63285e+00
6.09214e-01 2.68249e+00
6.21480e-01 2.72889e+00
6.35493e-01 2.77207e+00
6.52253e-01 2.81117e+00
6.74018e-01 2.84327e+00
7.02845e-01 2.86446e+00
7.39110e-01 2.87313e+00
7.83112e-01 2.86771e+00
8.34707e-01 2.84677e+00
8.94165e-01 2.80878e+00
9.66773e-01 2.74932e+00
1.04904e+00 2.66922e+00
1.15212e+00 2.55659e+00
1.27557e+00 2.40696e+00
1.41932e+00 2.21880e+00
1.57700e+00 1.99626e+00
1.72909e+00 1.75502e+00
1.86393e+00 1.50821e+00
1.92895e+00 1.31023e+00
1.90769e+00 1.18683e+00
1.81768e+00 1.13541e+00
1.69172e+00 1.13396e+00
1.53919e+00 1.17766e+00
1.39064e+00 1.24071e+00
1.25486e+00 1.31308e+00
1.12503e+00 1.39792e+00
1.01154e+00 1.48644e+00
9.23892e-01 1.56885e+00
8.46086e-01 1.65641e+00
7.77518e-01 1.74837e+00
7.25678e-01 1.83536e+00
6.88948e-01 1.91385e+00
6.61617e-01 1.98604e+00
6.38807e-01 2.05656e+00
6.20394e-01 2.12628e+00
6.06062e-01 2.19488e+00
5.95498e-01 2.26209e+00
5.88406e-01 2.32767e+00
5.84490e-01 2.39142e+00
5.83072e-01 2.45351e+00
5.84824e-01 2.51295e+00
5.89586e-01 2.56943e+00
5.97035e-01 2.62284e+00
6.06861e-01 2.67311e+00
6.18768e-01 2.72017e+00
6.32476e-01 2.76398e+00
6.48675e-01 2.80378e+00
6.69087e-01 2.83788e+00
6.96484e-01 2.86137e+00
7.31249e-01 2.87265e+00
7.73699e-01 2.87016e+00
8.24068e-01 2.85232e+00
8.81570e-01 2.81796e+00
9.51522e-01 2.76294e+00
1.03373e+00 2.68567e+00
1.13116e+00 2.58114e+00
1.25062e+00 2.43849e+00
1.39010e+00 2.25815e+00
1.54787e+00 2.03928e+00
1.70330e+00 1.79975e+00
1.84271e+00 1.55122e+00
1.91964e+00 1.34455e+00
1.91441e+00 1.20699e+00
1.83664e+00 1.14219e+00
1.71359e+00 1.13480e+00
1.56595e+00 1.17023e+00
1.41606e+00 1.23041e+00
1.27971e+00 1.29992e+00
1.14885e+00 1.38243e+00
1.03017e+00 1.47186e+00
9.39460e-01 1.55417e+00
8.59649e-01 1.64121e+00
7.89239e-01 1.73279e+00
7.34512e-01 1.82060e+00
6.96520e-01 1.89967e+00
6.67609e-01 1.97279e+00
6.43862e-01 2.04334e+00
6.24574e-01 2.11316e+00
6.09427e-01 2.18191e+00
5.98109e-01 2.24932e+00
5.90317e-01 2.31517e+00
5.85761e-01 2.37922e+00
5.83755e-01 2.44166e+00
5.84849e-01 2.50160e+00
5.89017e-01 2.55861e+00
5.95932e-01 2.61259e+00
6.05284e-01 2.66343e+00
6.16772e-01 2.71108e+00
6.30115e-01 2.75549e+00
6.45573e-01 2.79618e+00
6.64896e-01 2.83181e+00
6.90943e-01 2.85739e+00
7.24288e-01 2.87108e+00
7.65262e-01 2.87129e+00
8.14113e-01 2.85643e+00
8.70075e-01 2.82536e+00
9.37491e-01 2.77447e+00
1.01892e+00 2.70009e+00
1.11051e+00 2.60327e+00
1.22632e+00 2.46755e+00
1.36130e+00 2.29517e+00
1.51814e+00 2.08160e+00
1.67409e+00 1.84626e+00
1.81676e+00 1.59787e+00
1.90762e+00 1.38169e+00
1.91917e+00 1.22967e+00
1.85469e+00 1.15071e+00
1.73557e+00 1.13644e+00
1.59408e+00 1.16232e+00
1.44367e+00 1.21879e+00
1.30577e+00 1.28604e+00
1.17381e+00 1.36615e+00
1.05143e+00 1.45507e+00
9.55747e-01 1.53876e+00
8.74528e-01 1.62432e+00
8.02384e-01 1.71498e+00
7.44363e-01 1.80379e+00
7.03277e-01 1.88485e+00
6.72846e-01 1.95899e+00
6.48188e-01 2.02964e+00
6.28053e-01 2.09962e+00
6.12120e-01 2.16859e+00
6.00077e-01 2.23629e+00
5.91617e-01 2.30246e+00
5.86449e-01 2.36688e+00
5.84005e-01 2.42960e+00
5.84455e-01 2.49009e+00
5.88042e-01 2.54768e+00
5.94440e-01 2.60225e+00
6.03334e-01 2.65371e+00
6.14423e-01 2.70198e+00
6.27418e-01 2.74702e+00
6.42048e-01 2.78884e+00
6.60419e-01 2.82580e+00
6.85066e-01 2.85359e+00
7.16942e-01 2.86977e+00
7.56388e-01 2.87279e+00
8.03673e-01 2.86106e+00
8.58050e-01 2.83339e+00
9.22847e-01 2.78681e+00
1.00138e+00 2.71739e+00
1.08867e+00 2.62692e+00
1.20117e+00 2.49821e+00
1.33376e+00 2.33245e+00
1.48726e+00 2.12626e+00
1.64520e+00 1.89371e+00
1.79022e+00 1.64657e+00
1.89626e+00 1.41987e+00
1.92494e+00 1.25291e+00
1.87423e+00 1.15915e+00
1.76308e+00 1.13398e+00
1.62641e+00 1.15098e+00
1.47466e+00 1.20388e+00
1.33332e+00 1.27002e+00
1.19962e+00 1.34803e+00
1.07366e+00 1.43650e+00
9.72569e-01 1.52181e+00
8.89660e-01 1.60609e+00
8.15586e-01 1.69600e+00
7.54065e-01 1.78594e+00
7.09153e-01 1.86950e+00
6.77793e-01 1.94439e+00
6.52259e-01 2.01544e+00
6.31273e-01 2.08562e+00
6.14550e-01 2.15486e+00
6.01781e-01 2.22287e+00
5.92655e-01 2.28939e+00
5.86878e-01 2.35419e+00
5.84028e-01 2.41722e+00
5.83830e-01 2.47829e+00
5.86835e-01 2.53649e+00
5.92715e-01 2.59170e+00
6.01154e-01 2.64379e+00
6.11846e-01 2.69272e+00
6.24499e-01 2.73843e+00
6.38843e-01 2.78089e+00
6.56252e-01 2.81917e+00
6.79502e-01 2.84908e+00
7.09906e-01 2.86772e+00
7.47818e-01 2.87351e+00
7.93523e-01 2.86486e+00
8.46294e-01 2.84056e+00
9.08453e-01 2.79826e+00
9.84063e-01 2.73379e+00
1.06803e+00 2.64911e+00
1.17678e+00 2.52770e+00
1.30492e+00 2.36986e+00
1.45369e+00 2.17250e+00
1.61126e+00 1.94566e+00
1.76022e+00 1.70043e+00
1.88226e+00 1.46232e+00
1.92913e+00 1.27954e+00
1.89269e+00 1.17101e+00
1.79142e+00 1.13316e+00
1.65989e+00 1.14089e+00
1.50726e+00 1.18945e+00
1.36194e+00 1.25450e+00
1.22694e+00 1.32993e+00
1.09884e+00 1.41682e+00
9.92386e-01 1.50316e+00
9.07021e-01 1.58654e+00
8.30948e-01 1.67536e+00
7.65607e-01 1.76644e+00
7.17642e-01 1.85167e+00
6.83588e-01 1.92852e+00
6.57097e-01 2.00006e+00
6.35160e-01 2.07043e+00
6.17557e-01 2.13992e+00
6.03974e-01 2.20824e+00
5.94099e-01 2.27512e+00
5.87638e-01 2.34034e+00
5.84298e-01 2.40369e+00
5.83401e-01 2.46534e+00
5.85753e-01 2.52420e+00
5.91051e-01 2.58008e+00
5.98975e-01 2.63286e+00
6.09218e-01 2.68249e+00
6.21482e-01 2.72890e+00
6.35496e-01 2.77207e+00
6.52257e-01 2.81117e+00
6.74021e-01 2.84328e+00
7.02850e-01 2.86447e+00
7.39117e-01 2.87313e+00
7.83119e-01 2.86771e+00
8.34716e-01 2.84676e+00
8.94176e-01 2.80877e+00
9.66789e-01 2.74932e+00
1.04905e+00 2.66919e+00
1.15214e+00 2.55656e+00
1.27559e+00 2.40694e+00
1.41935e+00 2.21876e+00
1.57702e+00 1.99622e+00
1.72912e+00 1.75497e+00
1.86395e+00 1.50817e+00
1.92896e+00 1.31020e+00
1.90768e+00 1.18682e+00
1.81767e+00 1.13540e+00
1.69169e+00 1.13396e+00
1.53917e+00 1.17767e+00
1.39062e+00 1.24072e+00
1.25484e+00 1.31309e+00
1.12501e+00 1.39793e+00
1.01153e+00 1.48645e+00
9.23880e-01 1.56886e+00
8.46074e-01 1.65642e+00
7.77508e-01 1.74840e+00
7.25670e-01 1.83537e+00
6.88942e-01 1.91386e+00
6.61612e-01 1.98605e+00
6.38802e-01 2.05658e+00
6.20390e-01 2.12629e+00
6.06059e-01 2.19489e+00
5.95497e-01 2.26210e+00
5.88404e-01 2.32768e+00
5.84490e-01 2.39143e+00
5.83072e-01 2.45352e+00
5.84824e-01 2.51296e+00
5.89587e-01 2.56944e+00
5.97036e-01 2.62286e+00
6.06863e-01 2.67311e+00
6.18770e-01 2.72017e+00
6.32477e-01 2.76398e+00
6.48678e-01 2.80378e+00
6.69091e-01 2.83788e+00
6.96488e-01 2.86137e+00
7.31255e-01 2.87266e+00
7.73707e-01 2.87016e+00
8.24076e-01 2.85232e+00
8.81580e-01 2.81796e+00
9.51539e-01 2.76293e+00
1.03374e+00 2.68566e+00
1.13118e+00 2.58113e+00
1.25063e+00 2.43847e+00
1.39013e+00 2.25811e+00
1.54789e+00 2.03925e+00
1.70332e+00 1.79972e+00
1.84273e+00 1.55118e+00
1.91965e+00 1.34452e+00
1.91440e+00 1.20698e+00
1.83663e+00 1.14218e+00
1.71357e+00 1.13481e+00
1.56593e+00 1.17023e+00
1.41603e+00 1.23042e+00
1.27970e+00 1.29993e+00
1.14884e+00 1.38244e+00
1.03016e+00 1.47187e+00
9.39449e-01 1.55418e+00
8.59640e-01 1.64121e+00
7.89230e-01 1.73280e+00
7.34504e-01 1.82061e+00
6.96514e-01 1.89969e+00
6.67606e-01 1.97280e+00
6.43858e-01 2.04335e+00
6.24572e-01 2.11315e+00
6.09424e-01 2.18192e+00
5.98108e-01 2.24934e+00
5.90317e-01 2.31517e+00
5.85760e-01 2.37923e+00
5.83755e-01 2.44167e+00
5.84850e-01 2.50161e+00
5.89017e-01 2.55862e+00
5.95933e-01 2.61260e+00
6.05285e-01 2.66343e+00
6.16774e-01 2.71108e+00
6.30117e-01 2.75550e+00
6.45575e-01 2.79619e+00
6.64899e-01 2.83182e+00
6.90947e-01 2.85739e+00
7.24294e-01 2.87108e+00
7.65268e-01 2.87128e+00
8.14120e-01 2.85643e+00
8.70084e-01 2.82535e+00
9.37499e-01 2.77446e+00
1.01893e+00 2.70008e+00
1.11052e+00 2.60326e+00
1.22633e+00 2.46754e+00
1.36132e+00 2.29513e+00
1.51816e+00 2.08156e+00
1.67411e+00 1.84622e+00
1.81678e+00 1.59783e+00
1.90762e+00 1.38168e+00
1.91917e+00 1.22965e+00
1.85468e+00 1.15070e+00
1.73555e+00 1.13645e+00
1.59406e+00 1.16233e+00
1.44365e+00 1.21880e+00
1.30575e+00 1.28605e+00
4.93393e+00 -1.26958e+00
1.89275e+00 1.17106e+00
1.79154e+00 1.13316e+00
1.66003e+00 1.14086e+00
-1.48979e+01 1.40245e+01
-1.27810e+01 1.23372e+01
-1.82647e+01 1.62285e+01
1.09895e+00 1.41674e+00
9.92462e-01 1.50309e+00
-6.27447e+00 7.35018e+00
-5.66312e+00 6.91599e+00
-5.16477e+00 6.57293e+00
-4.76691e+00 6.31459e+00
-4.23016e+00 5.93975e+00
-3.68287e+00 5.56658e+00
-3.41807e+00 5.39935e+00
-3.26555e+00 5.33332e+00
-3.17853e+00 5.32712e+00
-3.10556e+00 5.33352e+00
-3.04572e+00 5.35130e+00
-3.00561e+00 5.38517e+00
-2.98688e+00 5.43594e+00
-2.98057e+00 5.49564e+00
-2.98497e+00 5.56210e+00
-2.99999e+00 5.63575e+00
-3.02454e+00 5.71537e+00
-3.05750e+00 5.79985e+00
-3.10584e+00 5.89432e+00
-3.17645e+00 6.00372e+00
-3.27828e+00 6.13300e+00
-3.41542e+00 6.28378e+00
-3.58983e+00 6.45623e+00
-3.80602e+00 6.65893e+00
-4.26405e+00 7.05654e+00
-5.11359e+00 7.74668e+00
-5.81693e+00 8.28822e+00
-6.66581e+00 8.92760e+00
-2.82538e+01 2.44554e+01
-8.97460e+00 1.06186e+01
1.41922e+00 2.21893e+00
-1.92450e+01 1.80533e+01
1.72900e+00 1.75518e+00
1.86387e+00 1.50834e+00
1.92894e+00 1.31032e+00
1.90773e+00 1.18688e+00
1.81776e+00 1.13542e+00
1.69181e+00 1.13394e+00
-1.55701e+01 1.45342e+01
1.39073e+00 1.24067e+00
-1.79700e+01 1.60420e+01
-7.91071e+00 8.58007e+00
-7.09910e+00 7.95822e+00
-6.41088e+00 7.44912e+00
-5.77876e+00 6.99698e+00
-5.25811e+00 6.63597e+00
-4.83575e+00 6.35741e+00
-4.33811e+00 6.01508e+00
-3.78344e+00 5.63508e+00
-3.45953e+00 5.42346e+00
-3.28337e+00 5.33504e+00
-3.19352e+00 5.32628e+00
-3.11791e+00 5.33038e+00
-3.05561e+00 5.34609e+00
-3.00997e+00 5.37557e+00
-2.98858e+00 5.42429e+00
-2.98022e+00 5.48280e+00
-2.98245e+00 5.54777e+00
-2.99554e+00 5.62017e+00
-3.01835e+00 5.69879e+00
-3.04980e+00 5.78246e+00
-3.09379e+00 5.87396e+00
-3.15994e+00 5.98045e+00
-3.25503e+00 6.10551e+00
-3.38500e+00 6.25202e+00
-3.55189e+00 6.42021e+00
-3.75951e+00 6.61635e+00
-4.07272e+00 6.89583e+00
-4.99236e+00 7.65214e+00
-5.66850e+00 8.17513e+00
-6.48992e+00 8.79671e+00
-7.49716e+00 9.54342e+00
-8.71569e+00 1.04327e+01
1.39003e+00 2.25824e+00
1.54779e+00 2.03940e+00
1.70323e+00 1.79987e+00
1.84265e+00 1.55133e+00
5.27975e+00 -1.49000e+00
8.13200e+00 -3.82046e+00
1.83668e+00 1.14222e+00
1.71364e+00 1.13481e+00
1.56603e+00 1.17021e+00
1.41613e+00 1.23039e+00
1.27979e+00 1.29987e+00
-8.11832e+00 8.74450e+00
-7.23489e+00 8.06177e+00
-6.53550e+00 7.54124e+00
-5.88652e+00 7.07418e+00
-5.34652e+00 6.69753e+00
-4.90795e+00 6.40517e+00
-4.45981e+00 6.10371e+00
-3.89824e+00 5.71503e+00
-3.50808e+00 5.45543e+00
-3.30568e+00 5.34194e+00
-3.21284e+00 5.33031e+00
-3.13442e+00 5.33181e+00
-3.06948e+00 5.34514e+00
-3.01831e+00 5.37009e+00
-2.99408e+00 5.41646e+00
-2.98342e+00 5.47339e+00
-2.98329e+00 5.53661e+00
-2.99424e+00 5.60749e+00
-3.01513e+00 5.68482e+00
-3.04486e+00 5.76743e+00
-3.08473e+00 5.85606e+00
-3.14664e+00 5.95970e+00
-3.23541e+00 6.08075e+00
-3.35864e+00 6.22315e+00
-3.51841e+00 6.38720e+00
-3.71791e+00 6.57715e+00
-3.96568e+00 6.80388e+00
-4.88242e+00 7.56534e+00
-5.53261e+00 8.07055e+00
-6.32663e+00 8.67369e+00
-7.29217e+00 9.39150e+00
1.22625e+00 2.46764e+00
-9.85796e+00 1.12485e+01
-1.15149e+01 1.23942e+01
1.67401e+00 1.84638e+00
1.81669e+00 1.59799e+00
1.90759e+00 1.38179e+00
1.91919e+00 1.22973e+00
1.85475e+00 1.15073e+00
1.73564e+00 1.13644e+00
1.59416e+00 1.16229e+00
1.44376e+00 1.21875e+00
-1.06595e+01 1.07290e+01
-8.37910e+00 8.94820e+00
-7.37717e+00 8.17020e+00
-6.66601e+00 7.63764e+00
-6.00805e+00 7.16094e+00
-5.44597e+00 6.76645e+00
-4.98887e+00 6.45836e+00
-4.57510e+00 6.18586e+00
-4.00626e+00 5.78737e+00
-3.55321e+00 5.48336e+00
-3.33581e+00 5.35425e+00
-3.22995e+00 5.33169e+00
-3.14879e+00 5.33070e+00
-3.08128e+00 5.34181e+00
-3.02650e+00 5.36380e+00
-2.99800e+00 5.40679e+00
-2.98477e+00 5.46174e+00
-2.98266e+00 5.52383e+00
-2.99151e+00 5.59329e+00
-3.01053e+00 5.66943e+00
-3.03860e+00 5.75108e+00
-3.07466e+00 5.83712e+00
-3.13219e+00 5.93784e+00
-3.21440e+00 6.05472e+00
-3.33063e+00 6.19290e+00
-3.48303e+00 6.35269e+00
-3.67411e+00 6.53621e+00
-3.90802e+00 6.75097e+00
-4.70009e+00 7.41937e+00
-5.39044e+00 7.96145e+00
-6.15469e+00 8.54445e+00
-7.07913e+00 9.23422e+00
-8.20896e+00 1.00643e+01
-9.57884e+00 1.10512e+01
1.48716e+00 2.12639e+00
-2.23082e+01 2.03340e+01
1.79014e+00 1.64671e+00
5.82129e+00 -1.86665e+00
8.47174e+00 -4.03223e+00
6.74970e+00 -2.82099e+00
1.76316e+00 1.13397e+00
1.62651e+00 1.15093e+00
1.47475e+00 1.20384e+00
1.33340e+00 1.26998e+00
-1.85662e+01 1.64218e+01
-1.98726e+01 1.72680e+01
-6.80102e+00 7.73629e+00
-6.13260e+00 7.24874e+00
-5.54688e+00 6.83527e+00
-5.07005e+00 6.51050e+00
-4.69036e+00 6.26680e+00
-4.11304e+00 5.85830e+00
-3.59764e+00 5.50998e+00
-3.37320e+00 5.37354e+00
-3.24639e+00 5.33185e+00
-3.16245e+00 5.32841e+00
-3.09236e+00 5.33731e+00
-3.03518e+00 5.35733e+00
-3.00115e+00 5.39599e+00
-2.98532e+00 5.44898e+00
-2.98124e+00 5.50998e+00
-2.98799e+00 5.57804e+00
-3.00513e+00 5.65302e+00
-3.03154e+00 5.73373e+00
-3.06615e+00 5.81906e+00
-3.11926e+00 5.91679e+00
-3.19495e+00 6.02950e+00
-3.30420e+00 6.16340e+00
-3.44922e+00 6.31887e+00
-3.63190e+00 6.49602e+00
-3.85752e+00 6.70591e+00
-4.48143e+00 7.23904e+00
-5.25119e+00 7.85388e+00
-5.98537e+00 8.41645e+00
-6.87281e+00 9.08162e+00
-7.96101e+00 9.88347e+00
-9.27933e+00 1.08372e+01
-2.28806e+01 2.06567e+01
-1.53608e+01 1.52200e+01
1.76013e+00 1.70059e+00
7.02267e+00 -2.74285e+00
8.55957e+00 -4.07018e+00
1.89274e+00 1.17105e+00
1.79151e+00 1.13316e+00
1.65999e+00 1.14086e+00
1.50736e+00 1.18941e+00
-1.64588e+01 1.50379e+01
-1.82650e+01 1.62287e+01
-7.69447e+00 8.41113e+00
-6.95297e+00 7.84870e+00
-6.27430e+00 7.35007e+00
8.30992e-01 1.67529e+00
-5.16467e+00 6.57287e+00
-4.76682e+00 6.31454e+00
-4.23002e+00 5.93965e+00
-3.68276e+00 5.56650e+00
-3.41801e+00 5.39932e+00
-3.26553e+00 5.33332e+00
-3.17851e+00 5.32712e+00
-3.10555e+00 5.33353e+00
-3.04570e+00 5.35131e+00
-3.00561e+00 5.38518e+00
-2.98688e+00 5.43595e+00
-2.98058e+00 5.49566e+00
-2.98497e+00 5.56212e+00
-3.00000e+00 5.63577e+00
-3.02455e+00 5.71540e+00
-3.05752e+00 5.79987e+00
-3.10585e+00 5.89435e+00
-3.17647e+00 6.00375e+00
-3.27831e+00 6.13303e+00
-3.41546e+00 6.28382e+00
-3.58988e+00 6.45628e+00
-3.80607e+00 6.65899e+00
-4.26429e+00 7.05674e+00
-5.11373e+00 7.74679e+00
-5.81711e+00 8.28835e+00
-6.66599e+00 8.92773e+00
-7.71048e+00 9.69982e+00
-2.62820e+01 2.30206e+01
-1.04567e+01 1.16658e+01
-1.92437e+01 1.80524e+01
1.72903e+00 1.75512e+00
1.86389e+00 1.50829e+00
1.92894e+00 1.31029e+00
1.90771e+00 1.18686e+00
1.81773e+00 1.13542e+00
1.69177e+00 1.13394e+00
1.53924e+00 1.17765e+00
1.39069e+00 1.24069e+00
1.25492e+00 1.31305e+00
-1.93330e+01 1.69157e+01
-7.09893e+00 7.95810e+00
-6.41073e+00 7.44901e+00
-5.77864e+00 6.99689e+00
-2.31820e+01 1.96661e+01
-4.83566e+00 6.35736e+00
-4.33799e+00 6.01499e+00
-3.78334e+00 5.63501e+00
-3.45947e+00 5.42342e+00
-3.28334e+00 5.33503e+00
-3.19350e+00 5.32627e+00
-3.11789e+00 5.33039e+00
-3.05559e+00 5.34610e+00
-3.00996e+00 5.37558e+00
-2.98857e+00 5.42430e+00
-2.98022e+00 5.48281e+00
-2.98245e+00 5.54778e+00
-2.99554e+00 5.62019e+00
-3.01835e+00 5.69880e+00
-3.04981e+00 5.78248e+00
-3.09380e+00 5.87399e+00
-3.15996e+00 5.98047e+00
-3.25505e+00 6.10555e+00
-3.38503e+00 6.25207e+00
-3.55193e+00 6.42024e+00
-3.75955e+00 6.61640e+00
-4.07294e+00 6.89601e+00
-4.99249e+00 7.65225e+00
-5.66867e+00 8.17526e+00
-6.49009e+00 8.79684e+00
-7.49741e+00 9.54361e+00
-8.71595e+00 1.04329e+01
-1.01433e+01 1.14486e+01
-1.19334e+01 1.26923e+01
1.70325e+00 1.79983e+00
7.72083e+00 -3.19278e+00
8.45597e+00 -3.93279e+00
1.91441e+00 1.20703e+00
1.83667e+00 1.14221e+00
1.71362e+00 1.13481e+00
1.56600e+00 1.17021e+00
1.41610e+00 1.23040e+00
-1.01482e+01 1.03280e+01
-1.90944e+01 1.67626e+01
-7.23476e+00 8.06167e+00
-6.53539e+00 7.54115e+00
-5.88639e+00 7.07409e+00
-5.34641e+00 6.69746e+00
-4.90788e+00 6.40512e+00
-4.45971e+00 6.10364e+00
-3.89809e+00 5.71493e+00
-2.60040e+01 2.18434e+01
-3.30567e+00 5.34193e+00
-3.21282e+00 5.33031e+00
-3.13440e+00 5.33180e+00
-3.06946e+00 5.34515e+00
-3.01831e+00 5.37009e+00
-2.99408e+00 5.41647e+00
-2.98342e+00 5.47340e+00
-2.98329e+00 5.53662e+00
-2.99424e+00 5.60750e+00
-3.01513e+00 5.68483e+00
-3.04487e+00 5.76744e+00
-3.08474e+00 5.85608e+00
-3.14666e+00 5.95972e+00
-3.23543e+00 6.08077e+00
-3.35867e+00 6.22318e+00
-3.51845e+00 6.38724e+00
-3.71795e+00 6.57718e+00
-3.96574e+00 6.80393e+00
-4.88253e+00 7.56544e+00
-5.53270e+00 8.07062e+00
-6.32679e+00 8.67382e+00
-7.29241e+00 9.39169e+00
-8.46484e+00 1.02506e+01
-9.85824e+00 1.12487e+01
-2.11719e+01 1.94355e+01
1.67404e+00 1.84634e+00
1.81672e+00 1.59794e+00
8.26497e+00 -3.75629e+00
1.91919e+00 1.22971e+00
1.85473e+00 1.15072e+00
1.73562e+00 1.13644e+00
1.59413e+00 1.16231e+00
1.44372e+00 1.21876e+00
-1.73470e+01 1.56374e+01
-8.37882e+00 8.94799e+00
1.05147e+00 1.45504e+00
9.55776e-01 1.53873e+00
-6.00793e+00 7.16085e+00
-2.28568e+01 1.94243e+01
-4.98880e+00 6.45831e+00
-4.57500e+00 6.18579e+00
-4.00613e+00 5.78728e+00
-3.55317e+00 5.48334e+00
-3.33578e+00 5.35423e+00
-3.22994e+00 5.33169e+00
-3.14877e+00 5.33071e+00
-3.08127e+00 5.34182e+00
-3.02650e+00 5.36380e+00
-2.99800e+00 5.40680e+00
-2.98476e+00 5.46176e+00
-2.98266e+00 5.52384e+00
-2.99151e+00 5.59330e+00
-3.01053e+00 5.66945e+00
-3.03861e+00 5.75109e+00
-3.07467e+00 5.83714e+00
-3.13220e+00 5.93786e+00
-3.21442e+00 6.05475e+00
-3.33066e+00 6.19293e+00
-3.48307e+00 6.35272e+00
-3.67415e+00 6.53625e+00
-3.90808e+00 6.75102e+00
-4.70033e+00 7.41955e+00
-5.39059e+00 7.96158e+00
-6.15486e+00 8.54457e+00
-7.07932e+00 9.23435e+00
-8.20922e+00 1.00645e+01
-9.57910e+00 1.10514e+01
-2.20663e+01 2.00790e+01
-1.66278e+01 1.61632e+01
7.35317e+00 -2.83073e+00
8.04659e+00 -3.55733e+00
4.85528e+00 -1.23566e+00
1.87426e+00 1.15917e+00
1.76313e+00 1.13397e+00
1.62646e+00 1.15095e+00
1.47472e+00 1.20386e+00
1.33337e+00 1.27000e+00
-1.85664e+01 1.64220e+01
-7.52580e+00 8.28235e+00
-6.80087e+00 7.73618e+00
-6.13246e+00 7.24864e+00
-5.54676e+00 6.83519e+00
-5.06995e+00 6.51044e+00
-4.69021e+00 6.26670e+00
-4.11291e+00 5.85821e+00
-3.59759e+00 5.50995e+00
-3.37316e+00 5.37352e+00
-3.24637e+00 5.33184e+00
-3.16243e+00 5.32841e+00
-3.09235e+00 5.33731e+00
-3.03517e+00 5.35734e+00
-3.00114e+00 5.39600e+00
-2.98531e+00 5.44900e+00
-2.98124e+00 5.50999e+00
-2.98799e+00 5.57805e+00
-3.00513e+00 5.65303e+00
-3.03155e+00 5.73376e+00
-3.06616e+00 5.81908e+00
-3.11927e+00 5.91682e+00
-3.19497e+00 6.02952e+00
-3.30423e+00 6.16342e+00
-3.44926e+00 6.31891e+00
-3.63195e+00 6.49606e+00
-3.85758e+00 6.70596e+00
-4.48170e+00 7.23926e+00
9.08425e-01 2.79828e+00
-5.98553e+00 8.41657e+00
1.06799e+00 2.64916e+00
1.17674e+00 2.52775e+00
-9.27968e+00 1.08375e+01
1.45363e+00 2.17258e+00
-1.53633e+01 1.52218e+01
1.76016e+00 1.70054e+00
7.31784e+00 -2.96742e+00
8.55945e+00 -4.07012e+00
7.38006e+00 -3.28574e+00
1.79148e+00 1.13316e+00
1.65995e+00 1.14088e+00
1.50731e+00 1.18942e+00
1.36199e+00 1.25446e+00
-9.10286e+00 9.51065e+00
-7.69430e+00 8.41100e+00
-6.95282e+00 7.84859e+00
-6.27416e+00 7.34996e+00
-5.66287e+00 6.91581e+00
-5.16456e+00 6.57280e+00
-4.76675e+00 6.31450e+00
-4.22994e+00 5.93959e+00
-3.68268e+00 5.56645e+00
-3.41797e+00 5.39930e+00
-3.26551e+00 5.33333e+00
-3.17850e+00 5.32712e+00
-3.10554e+00 5.33354e+00
-3.04569e+00 5.35132e+00
-3.00561e+00 5.38519e+00
-2.98689e+00 5.43597e+00
-2.98058e+00 5.49568e+00
-2.98498e+00 5.56214e+00
-3.00001e+00 5.63579e+00
-3.02455e+00 5.71541e+00
-3.05752e+00 5.79989e+00
-3.10587e+00 5.89437e+00
-3.17649e+00 6.00378e+00
-3.27834e+00 6.13306e+00
-3.41549e+00 6.28385e+00
-3.58992e+00 6.45632e+00
-3.80613e+00 6.65903e+00
-4.26450e+00 7.05692e+00
-5.11387e+00 7.74689e+00
-5.81727e+00 8.28847e+00
-6.66623e+00 8.92792e+00
-7.71074e+00 9.70001e+00
-8.97523e+00 1.06190e+01
1.41929e+00 2.21883e+00
1.57697e+00 1.99631e+00
1.72906e+00 1.75506e+00
1.86392e+00 1.50825e+00
1.92895e+00 1.31025e+00
1.90770e+00 1.18684e+00
1.81771e+00 1.13541e+00
1.69174e+00 1.13395e+00
1.53922e+00 1.17766e+00
1.39067e+00 1.24071e+00
-9.66111e+00 9.94608e+00
-7.91030e+00 8.57974e+00
-7.09881e+00 7.95799e+00
-6.41062e+00 7.44892e+00
-5.77854e+00 6.99681e+00
-5.25790e+00 6.63583e+00
-4.83560e+00 6.35731e+00
-4.33784e+00 6.01488e+00
-3.78320e+00 5.63491e+00
-3.45942e+00 5.42339e+00
-3.28332e+00 5.33502e+00
-3.19348e+00 5.32628e+00
-3.11788e+00 5.33038e+00
-3.05558e+00 5.34610e+00
-3.00995e+00 5.37559e+00
-2.98857e+00 5.42431e+00
-2.98022e+00 5.48283e+00
-2.98245e+00 5.54779e+00
-2.99554e+00 5.62020e+00
-3.01836e+00 5.69882e+00
-3.04981e+00 5.78249e+00
-3.09380e+00 5.87401e+00
-3.15997e+00 5.98050e+00
-3.25508e+00 6.10557e+00
-3.38506e+00 6.25209e+00
-3.55197e+00 6.42028e+00
-3.75960e+00 6.61644e+00
-4.07312e+00 6.89617e+00
-4.99262e+00 7.65234e+00
-5.66883e+00 8.17538e+00
-6.49026e+00 8.79696e+00
-7.49758e+00 9.54374e+00
-8.71620e+00 1.04331e+01
1.39008e+00 2.25817e+00
-1.19337e+01 1.26926e+01
-1.75418e+01 1.67806e+01
1.84269e+00 1.55125e+00
8.45619e+00 -3.93298e+00
1.91441e+00 1.20701e+00
1.83665e+00 1.14220e+00
1.71360e+00 1.13481e+00
1.56597e+00 1.17022e+00
-1.54272e+01 1.43395e+01
-1.01477e+01 1.03276e+01
-8.11791e+00 8.74417e+00
1.03019e+00 1.47185e+00
-6.53526e+00 7.54106e+00
-5.88630e+00 7.07402e+00
-5.34633e+00 6.69740e+00
-4.90779e+00 6.40507e+00
-4.45957e+00 6.10355e+00
-3.89800e+00 5.71487e+00
-3.50801e+00 5.45537e+00
-3.30565e+00 5.34193e+00
-3.21280e+00 5.33031e+00
-3.13439e+00 5.33180e+00
-3.06945e+00 5.34515e+00
-3.01830e+00 5.37010e+00
-2.99408e+00 5.41648e+00
-2.98342e+00 5.47341e+00
-2.98329e+00 5.53663e+00
-2.99424e+00 5.60752e+00
-3.01514e+00 5.68485e+00
-3.04487e+00 5.76746e+00
-3.08474e+00 5.85610e+00
-3.14667e+00 5.95975e+00
-3.23545e+00 6.08079e+00
-3.35869e+00 6.22321e+00
-3.51848e+00 6.38727e+00
-3.71799e+00 6.57722e+00
-3.96579e+00 6.80398e+00
-4.88263e+00 7.56551e+00
-5.53285e+00 8.07074e+00
-6.32695e+00 8.67394e+00
-7.29259e+00 9.39181e+00
-8.46510e+00 1.02508e+01
-9.85851e+00 1.12488e+01
-2.11712e+01 1.94350e+01
1.67407e+00 1.84630e+00
1.81674e+00 1.59791e+00
5.52802e+00 -1.66138e+00
8.32432e+00 -3.94513e+00
1.85471e+00 1.15072e+00
1.73559e+00 1.13644e+00
1.59411e+00 1.16232e+00
-1.34820e+01 1.29367e+01
-1.73472e+01 1.56376e+01
-8.37854e+00 8.94777e+00
-7.37689e+00 8.16999e+00
-6.66574e+00 7.63745e+00
-6.00783e+00 7.16078e+00
-5.44577e+00 6.76632e+00
-4.98872e+00 6.45826e+00
-4.57492e+00 6.18573e+00
-4.00604e+00 5.78722e+00
-3.55312e+00 5.48331e+00
-3.33576e+00 5.35422e+00
-3.22992e+00 5.33168e+00
-3.14876e+00 5.33071e+00
-3.08125e+00 5.34182e+00
-3.02648e+00 5.36382e+00
-2.99799e+00 5.40681e+00
-2.98477e+00 5.46178e+00
-2.98266e+00 5.52385e+00
-2.99152e+00 5.59331e+00
-3.01054e+00 5.66946e+00
-3.03862e+00 5.75111e+00
-3.07468e+00 5.83716e+00
-3.13221e+00 5.93787e+00
-3.21444e+00 6.05477e+00
-3.33069e+00 6.19296e+00
-3.48310e+00 6.35276e+00
-3.67420e+00 6.53629e+00
-3.90813e+00 6.75107e+00
-4.70052e+00 7.41970e+00
-5.39069e+00 7.96164e+00
-6.15502e+00 8.54470e+00
-7.07948e+00 9.23447e+00
-8.20948e+00 1.00646e+01
-9.57938e+00 1.10516e+01
1.48723e+00 2.12629e+00
-1.77457e+01 1.69820e+01
1.79020e+00 1.64661e+00
1.89625e+00 1.41990e+00
8.47167e+00 -4.03223e+00
6.74596e+00 -2.81817e+00
1.76311e+00 1.13397e+00
1.62644e+00 1.15096e+00
1.47469e+00 1.20386e+00
1.33335e+00 1.27000e+00
-1.85668e+01 1.64222e+01
-7.52564e+00 8.28224e+00
-6.80073e+00 7.73608e+00
-6.13233e+00 7.24855e+00
-5.54665e+00 6.83511e+00
-5.06986e+00 6.51038e+00
-4.69011e+00 6.26663e+00
-4.11281e+00 5.85814e+00
-3.59754e+00 5.50992e+00
-3.37311e+00 5.37349e+00
-3.24635e+00 5.33184e+00
-3.16241e+00 5.32841e+00
-3.09233e+00 5.33732e+00
-3.03517e+00 5.35734e+00
-3.00114e+00 5.39601e+00
-2.98531e+00 5.44901e+00
-2.98124e+00 5.51000e+00
-2.98799e+00 5.57806e+00
-3.00514e+00 5.65305e+00
-3.03155e+00 5.73377e+00
-3.06616e+00 5.81910e+00
-3.11929e+00 5.91683e+00
-3.19498e+00 6.02955e+00
-3.30426e+00 6.16345e+00
-3.44929e+00 6.31894e+00
-3.63199e+00 6.49610e+00
-3.85763e+00 6.70600e+00
-4.48192e+00 7.23945e+00
-5.25147e+00 7.85410e+00
-5.98571e+00 8.41670e+00
-2.94664e+01 2.53298e+01
-7.96153e+00 9.88385e+00
-9.28003e+00 1.08378e+01
1.45366e+00 2.17254e+00
1.61123e+00 1.94569e+00
1.76019e+00 1.70047e+00
1.88225e+00 1.46236e+00
1.92913e+00 1.27956e+00
1.89270e+00 1.17102e+00
1.79145e+00 1.13316e+00
1.65992e+00 1.14088e+00
1.50728e+00 1.18943e+00
1.36196e+00 1.25448e+00
-1.82656e+01 1.62290e+01
1.09886e+00 1.41682e+00
-6.95267e+00 7.84848e+00
-6.27403e+00 7.34987e+00
-5.66276e+00 6.91574e+00
-5.16449e+00 6.57275e+00
-4.76670e+00 6.31447e+00
-4.22986e+00 5.93954e+00
-3.68256e+00 5.56637e+00
-3.41794e+00 5.39928e+00
-3.26550e+00 5.33332e+00
-3.17849e+00 5.32713e+00
-3.10553e+00 5.33354e+00
-3.04569e+00 5.35133e+00
-3.00561e+00 5.38520e+00
-2.98689e+00 5.43598e+00
-2.98059e+00 5.49569e+00
-2.98498e+00 5.56215e+00
-3.00002e+00 5.63580e+00
-3.02456e+00 5.71543e+00
-3.05753e+00 5.79990e+00
-3.10588e+00 5.89439e+00
-3.17651e+00 6.00380e+00
-3.27837e+00 6.13308e+00
-3.41552e+00 6.28388e+00
-3.58996e+00 6.45635e+00
-3.80618e+00 6.65907e+00
-4.26469e+00 7.05708e+00
-5.11398e+00 7.74699e+00
-5.81744e+00 8.28860e+00
-6.66640e+00 8.92804e+00
1.15212e+00 2.55659e+00
-8.97549e+00 1.06192e+01
-2.35399e+01 2.11127e+01
1.57700e+00 1.99626e+00
1.72909e+00 1.75502e+00
1.86393e+00 1.50821e+00
5.06653e+00 -1.34602e+00
7.88828e+00 -3.65471e+00
1.81768e+00 1.13541e+00
1.69172e+00 1.13396e+00
1.53919e+00 1.17766e+00
-1.36675e+01 1.30173e+01
-9.66049e+00 9.94560e+00
-7.91007e+00 8.57957e+00
-7.09867e+00 7.95789e+00
-6.41049e+00 7.44883e+00
-5.77843e+00 6.99674e+00
-5.25782e+00 6.63577e+00
-4.83552e+00 6.35726e+00
-4.33774e+00 6.01481e+00
-3.78310e+00 5.63484e+00
-3.45939e+00 5.42337e+00
-3.28330e+00 5.33502e+00
-3.19346e+00 5.32627e+00
-3.11786e+00 5.33038e+00
-3.05557e+00 5.34610e+00
-3.00994e+00 5.37559e+00
-2.98856e+00 5.42432e+00
-2.98021e+00 5.48284e+00
-2.98245e+00 5.54781e+00
-2.99554e+00 5.62021e+00
-3.01836e+00 5.69883e+00
-3.04982e+00 5.78251e+00
-3.09382e+00 5.87403e+00
-3.15998e+00 5.98052e+00
-3.25509e+00 6.10560e+00
-3.38509e+00 6.25212e+00
-3.55200e+00 6.42031e+00
-3.75964e+00 6.61648e+00
-4.07330e+00 6.89631e+00
-4.99272e+00 7.65242e+00
-5.66891e+00 8.17545e+00
-6.49042e+00 8.79709e+00
-7.49775e+00 9.54386e+00
-2.66892e+01 2.33181e+01
1.39010e+00 2.25815e+00
-2.02173e+01 1.87520e+01
1.70330e+00 1.79975e+00
1.84271e+00 1.55122e+00
1.91964e+00 1.34455e+00
1.91441e+00 1.20699e+00
1.83664e+00 1.14219e+00
1.71359e+00 1.13480e+00
1.56595e+00 1.17023e+00
-1.44225e+01 1.35989e+01
1.27971e+00 1.29992e+00
1.14885e+00 1.38243e+00
-7.23452e+00 8.06149e+00
9.39460e-01 1.55417e+00
-2.21247e+01 1.88821e+01
-2.30303e+01 1.95534e+01
-4.90773e+00 6.40503e+00
-4.45949e+00 6.10349e+00
-3.89793e+00 5.71482e+00
-3.50797e+00 5.45535e+00
-3.30563e+00 5.34193e+00
-3.21279e+00 5.33031e+00
-3.13438e+00 5.33180e+00
-3.06944e+00 5.34515e+00
-3.01830e+00 5.37010e+00
-2.99407e+00 5.41649e+00
-2.98342e+00 5.47342e+00
-2.98330e+00 5.53664e+00
-2.99425e+00 5.60752e+00
-3.01514e+00 5.68486e+00
-3.04488e+00 5.76748e+00
-3.08475e+00 5.85611e+00
-3.14668e+00 5.95976e+00
-3.23547e+00 6.08082e+00
-3.35872e+00 6.22323e+00
-3.51851e+00 6.38729e+00
-3.71802e+00 6.57726e+00
-3.96584e+00 6.80401e+00
-4.88272e+00 7.56558e+00
-5.53295e+00 8.07080e+00
-6.32712e+00 8.67406e+00
-7.29276e+00 9.39194e+00
-8.46528e+00 1.02509e+01
-9.85869e+00 1.12490e+01
-2.11705e+01 1.94345e+01
1.67409e+00 1.84626e+00
1.81676e+00 1.59787e+00
8.26529e+00 -3.75659e+00
1.91917e+00 1.22967e+00
1.85469e+00 1.15071e+00
1.73557e+00 1.13644e+00
1.59408e+00 1.16232e+00
1.44367e+00 1.21879e+00
-1.06579e+01 1.07277e+01
-1.88442e+01 1.66020e+01
-7.37678e+00 8.16991e+00
-6.66564e+00 7.63738e+00
-6.00772e+00 7.16071e+00
-5.44570e+00 6.76627e+00
-4.98866e+00 6.45822e+00
-4.57479e+00 6.18565e+00
-4.00596e+00 5.78717e+00
-3.55309e+00 5.48329e+00
-3.33572e+00 5.35421e+00
-3.22991e+00 5.33169e+00
-3.14875e+00 5.33071e+00
-3.08124e+00 5.34183e+00
-3.02648e+00 5.36382e+00
-2.99799e+00 5.40683e+00
-2.98476e+00 5.46179e+00
-2.98267e+00 5.52387e+00
-2.99152e+00 5.59333e+00
-3.01055e+00 5.66947e+00
-3.03862e+00 5.75112e+00
-3.07469e+00 5.83717e+00
-3.13222e+00 5.93790e+00
-3.21445e+00 6.05479e+00
-3.33070e+00 6.19298e+00
-3.48313e+00 6.35278e+00
-3.67423e+00 6.53632e+00
-3.90817e+00 6.75111e+00
-4.70069e+00 7.41985e+00
-5.39083e+00 7.96176e+00
-6.15512e+00 8.54476e+00
-7.07966e+00 9.23460e+00
-8.20966e+00 1.00648e+01
-9.57965e+00 1.10517e+01
-1.11858e+01 1.21697e+01
-2.03560e+01 1.88995e+01
1.79022e+00 1.64657e+00
5.82036e+00 -1.86599e+00
8.47147e+00 -4.03210e+00
6.74472e+00 -2.81723e+00
1.76308e+00 1.13398e+00
1.62641e+00 1.15098e+00
1.47466e+00 1.20388e+00
1.33332e+00 1.27002e+00
1.19962e+00 1.34803e+00
-7.52552e+00 8.28214e+00
-6.80062e+00 7.73599e+00
-6.13221e+00 7.24847e+00
-5.54658e+00 6.83505e+00
-5.06980e+00 6.51033e+00
-4.69001e+00 6.26656e+00
-4.11268e+00 5.85805e+00
-3.59750e+00 5.50989e+00
-3.37308e+00 5.37347e+00
-3.24633e+00 5.33184e+00
-3.16240e+00 5.32841e+00
-3.09232e+00 5.33732e+00
-3.03516e+00 5.35735e+00
-3.00114e+00 5.39602e+00
-2.98531e+00 5.44902e+00
-2.98124e+00 5.51001e+00
-2.98800e+00 5.57808e+00
-3.00514e+00 5.65307e+00
-3.03156e+00 5.73379e+00
-3.06617e+00 5.81912e+00
-3.11930e+00 5.91685e+00
-3.19500e+00 6.02957e+00
-3.30427e+00 6.16348e+00
-3.44932e+00 6.31897e+00
-3.63202e+00 6.49613e+00
-3.85767e+00 6.70604e+00
-4.48211e+00 7.23960e+00
-5.25161e+00 7.85420e+00
-5.98587e+00 8.41682e+00
-6.87348e+00 9.08212e+00
-7.96171e+00 9.88397e+00
-2.57986e+01 2.26680e+01
1.45369e+00 2.17250e+00
1.61126e+00 1.94566e+00
1.76022e+00 1.70043e+00
1.88226e+00 1.46232e+00
1.92913e+00 1.27954e+00
1.89269e+00 1.17101e+00
1.79142e+00 1.13316e+00
1.65989e+00 1.14089e+00
1.50726e+00 1.18945e+00
1.36194e+00 1.25450e+00
1.22694e+00 1.32993e+00
1.09884e+00 1.41682e+00
9.92386e-01 1.50316e+00
9.07021e-01 1.58654e+00
-5.66265e+00 6.91567e+00
-5.16440e+00 6.57269e+00
-4.76663e+00 6.31443e+00
-4.22975e+00 5.93947e+00
-3.68250e+00 5.56633e+00
-3.41791e+00 5.39926e+00
-3.26549e+00 5.33332e+00
-3.17848e+00 5.32713e+00
-3.10552e+00 5.33354e+00
-3.04568e+00 5.35133e+00
-3.00560e+00 5.38521e+00
-2.98688e+00 5.43599e+00
-2.98059e+00 5.49570e+00
-2.98498e+00 5.56216e+00
-3.00002e+00 5.63581e+00
-3.02457e+00 5.71544e+00
-3.05754e+00 5.79992e+00
-3.10589e+00 5.89440e+00
-3.17653e+00 6.00382e+00
-3.27838e+00 6.13311e+00
-3.41555e+00 6.28391e+00
-3.58999e+00 6.45638e+00
-3.80621e+00 6.65911e+00
-4.26486e+00 7.05722e+00
-5.11408e+00 7.74707e+00
-5.81758e+00 8.28872e+00
-6.66651e+00 8.92811e+00
-7.71110e+00 9.70026e+00
-8.97568e+00 1.06193e+01
-1.04577e+01 1.16664e+01
-1.29305e+01 1.34268e+01
1.72912e+00 1.75497e+00
1.86395e+00 1.50817e+00
5.06633e+00 -1.34589e+00
1.90768e+00 1.18682e+00
1.81767e+00 1.13540e+00
1.69169e+00 1.13396e+00
1.53917e+00 1.17767e+00
1.39062e+00 1.24072e+00
-1.79711e+01 1.60427e+01
-7.90989e+00 8.57941e+00
-7.09856e+00 7.95781e+00
-6.41039e+00 7.44876e+00
-5.77834e+00 6.99667e+00
-5.25774e+00 6.63572e+00
-4.83546e+00 6.35722e+00
-4.33764e+00 6.01474e+00
-3.78301e+00 5.63477e+00
-3.45933e+00 5.42333e+00
-3.28329e+00 5.33501e+00
-3.19345e+00 5.32627e+00
-3.11785e+00 5.33038e+00
-3.05556e+00 5.34610e+00
-3.00994e+00 5.37560e+00
-2.98856e+00 5.42432e+00
-2.98021e+00 5.48284e+00
-2.98245e+00 5.54782e+00
-2.99554e+00 5.62022e+00
-3.01837e+00 5.69884e+00
-3.04983e+00 5.78252e+00
-3.09382e+00 5.87404e+00
-3.16000e+00 5.98054e+00
-3.25511e+00 6.10562e+00
-3.38511e+00 6.25215e+00
-3.55203e+00 6.42034e+00
-3.75967e+00 6.61652e+00
-4.07342e+00 6.89643e+00
-4.99282e+00 7.65250e+00
-5.66907e+00 8.17557e+00
-2.99946e+01 2.57082e+01
1.13118e+00 2.58113e+00
-8.71656e+00 1.04334e+01
-1.01441e+01 1.14491e+01
-1.19344e+01 1.26930e+01
1.70332e+00 1.79972e+00
1.84273e+00 1.55118e+00
1.91965e+00 1.34452e+00
4.80115e+00 -1.24283e+00
1.83663e+00 1.14218e+00
1.71357e+00 1.13481e+00
1.56593e+00 1.17023e+00
1.41603e+00 1.23042e+00
1.27970e+00 1.29993e+00
1.14884e+00 1.38244e+00
-7.23442e+00 8.06141e+00
-6.53508e+00 7.54092e+00
-5.88611e+00 7.07389e+00
-5.34618e+00 6.69730e+00
-4.90768e+00 6.40499e+00
-4.45940e+00 6.10342e+00
-3.89785e+00 5.71477e+00
-3.50794e+00 5.45533e+00
-3.30562e+00 5.34192e+00
-3.21278e+00 5.33031e+00
-3.13437e+00 5.33181e+00
-3.06944e+00 5.34515e+00
-3.01829e+00 5.37011e+00
-2.99407e+00 5.41650e+00
-2.98342e+00 5.47343e+00
-2.98330e+00 5.53665e+00
-2.99425e+00 5.60754e+00
-3.01514e+00 5.68487e+00
-3.04488e+00 5.76749e+00
-3.08476e+00 5.85613e+00
-3.14669e+00 5.95978e+00
-3.23548e+00 6.08083e+00
-3.35874e+00 6.22325e+00
-3.51854e+00 6.38732e+00
-3.71806e+00 6.57728e+00
-3.96588e+00 6.80406e+00
-4.88280e+00 7.56565e+00
-5.53303e+00 8.07087e+00
-6.32720e+00 8.67413e+00
1.11052e+00 2.60326e+00
-8.46544e+00 1.02510e+01
1.36132e+00 2.29513e+00
-1.15160e+01 1.23949e+01
1.67411e+00 1.84622e+00
1.81678e+00 1.59783e+00
1.90762e+00 1.38168e+00
8.32405e+00 -3.94495e+00
1.85468e+00 1.15070e+00
1.73555e+00 1.13645e+00
1.59406e+00 1.16233e+00
-1.51847e+01 1.41878e+01
-1.73480e+01 1.56381e+01
4.93393e+00 -1.26958e+00
1.89275e+00 1.17106e+00
1.79154e+00 1.13316e+00
1.66003e+00 1.14086e+00
1.50740e+00 1.18939e+00
1.36206e+00 1.25443e+00
1.22706e+00 1.32986e+00
1.09895e+00 1.41674e+00
9.92462e-01 1.50309e+00
9.07091e-01 1.58646e+00
8.31009e-01 1.67527e+00
7.65652e-01 1.76636e+00
7.17674e-01 1.85160e+00
-2.48966e+01 2.09774e+01
-2.55976e+01 2.15235e+01
-3.41807e+00 5.39935e+00
-3.26555e+00 5.33332e+00
-3.17853e+00 5.32712e+00
-3.10556e+00 5.33352e+00
-3.04572e+00 5.35130e+00
5.84295e-01 2.40365e+00
5.83397e-01 2.46530e+00
5.85747e-01 2.52416e+00
5.91044e-01 2.58004e+00
-2.99999e+00 5.63575e+00
-3.17583e+01 2.65451e+01
-3.05750e+00 5.79985e+00
-3.24998e+01 2.71882e+01
-3.17645e+00 6.00372e+00
-3.29603e+01 2.76245e+01
-3.30184e+01 2.77145e+01
-3.29397e+01 2.77017e+01
-3.27098e+01 2.75747e+01
-3.23146e+01 2.73219e+01
-3.17127e+01 2.69150e+01
-3.08698e+01 2.63280e+01
-2.97527e+01 2.55349e+01
1.15205e+00 2.55668e+00
-8.97460e+00 1.06186e+01
1.41922e+00 2.21893e+00
1.57690e+00 1.99641e+00
1.72900e+00 1.75518e+00
7.35151e+00 -2.95302e+00
5.06701e+00 -1.34633e+00
4.78927e+00 -1.25724e+00
1.81776e+00 1.13542e+00
1.69181e+00 1.13394e+00
1.53928e+00 1.17763e+00
1.39073e+00 1.24067e+00
-9.66223e+00 9.94695e+00
1.12510e+00 1.39787e+00
-7.09910e+00 7.95822e+00
9.23940e-01 1.56881e+00
8.46130e-01 1.65635e+00
7.77555e-01 1.74832e+00
-2.40109e+01 2.02938e+01
6.88968e-01 1.91381e+00
6.61635e-01 1.98600e+00
6.38822e-01 2.05652e+00
6.20406e-01 2.12624e+00
6.06071e-01 2.19484e+00
-3.11791e+00 5.33038e+00
-3.05561e+00 5.34609e+00
-2.92084e+01 2.44152e+01
-2.98858e+00 5.42429e+00
-2.98022e+00 5.48280e+00
-2.98245e+00 5.54777e+00
-3.12461e+01 2.61092e+01
-3.16784e+01 2.64766e+01
-3.20793e+01 2.68205e+01
-3.24386e+01 2.71335e+01
-3.15994e+00 5.98045e+00
-3.25503e+00 6.10551e+00
-3.38500e+00 6.25202e+00
7.31226e-01 2.87265e+00
-3.27698e+01 2.76108e+01
-4.07272e+00 6.89583e+00
-4.99236e+00 7.65214e+00
-3.10561e+01 2.64590e+01
-2.99954e+01 2.57088e+01
-7.49716e+00 9.54342e+00
1.25055e+00 2.43857e+00
-2.41033e+01 2.15025e+01
1.54779e+00 2.03940e+00
1.70323e+00 1.79987e+00
1.84265e+00 1.55133e+00
1.91961e+00 1.34465e+00
1.91443e+00 1.20704e+00
1.83668e+00 1.14222e+00
1.71364e+00 1.13481e+00
1.56603e+00 1.17021e+00
1.41613e+00 1.23039e+00
1.27979e+00 1.29987e+00
1.14892e+00 1.38239e+00
1.03023e+00 1.47182e+00
9.39503e-01 1.55414e+00
8.59689e-01 1.64116e+00
7.89275e-01 1.73273e+00
-4.90795e+00 6.40517e+00
-4.45981e+00 6.10371e+00
6.67624e-01 1.97275e+00
-3.50808e+00 5.45543e+00
6.24584e-01 2.11311e+00
-2.72937e+01 2.28668e+01
5.98115e-01 2.24929e+00
5.90322e-01 2.31513e+00
-3.01831e+00 5.37009e+00
-2.99408e+00 5.41646e+00
-2.98342e+00 5.47339e+00
-3.06874e+01 2.56396e+01
-3.11567e+01 2.60343e+01
-3.15947e+01 2.64059e+01
-3.20015e+01 2.67541e+01
-3.08473e+00 5.85606e+00
-3.14664e+00 5.95970e+00
6.64884e-01 2.83180e+00
6.90927e-01 2.85738e+00
-3.51841e+00 6.38720e+00
-3.71791e+00 6.57715e+00
-3.96568e+00 6.80388e+00
8.70043e-01 2.82538e+00
9.37457e-01 2.77451e+00
-6.32663e+00 8.67369e+00
-2.88732e+01 2.49028e+01
1.22625e+00 2.46764e+00
-2.46447e+01 2.18750e+01
-2.11728e+01 1.94362e+01
1.67401e+00 1.84638e+00
1.81669e+00 1.59799e+00
5.52846e+00 -1.66168e+00
4.82781e+00 -1.23971e+00
1.85475e+00 1.15073e+00
1.73564e+00 1.13644e+00
1.59416e+00 1.16229e+00
1.44376e+00 1.21875e+00
1.30585e+00 1.28600e+00
1.17389e+00 1.36609e+00
1.05149e+00 1.45503e+00
9.55793e-01 1.53871e+00
8.74568e-01 1.62427e+00
-5.44597e+00 6.76645e+00
7.44388e-01 1.80375e+00
-4.57510e+00 6.18586e+00
-4.00626e+00 5.78737e+00
6.48199e-01 2.02960e+00
-3.33581e+00 5.35425e+00
6.12126e-01 2.16856e+00
6.00081e-01 2.23625e+00
5.91620e-01 2.30242e+00
-3.02650e+00 5.36380e+00
-2.99800e+00 5.40679e+00
-2.98477e+00 5.46174e+00
-3.05917e+01 2.55596e+01
-2.99151e+00 5.59329e+00
-3.01053e+00 5.66943e+00
-3.03860e+00 5.75108e+00
-3.07466e+00 5.83712e+00
-3.13219e+00 5.93784e+00
-3.21440e+00 6.05472e+00
-3.30010e+01 2.76742e+01
-3.30042e+01 2.77231e+01
-3.28644e+01 2.76643e+01
-3.25676e+01 2.74865e+01
-3.20910e+01 2.71728e+01
-3.13922e+01 2.66936e+01
-3.04381e+01 2.60233e+01
-2.91759e+01 2.51208e+01
1.20110e+00 2.49830e+00
1.33368e+00 2.33256e+00
1.48716e+00 2.12639e+00
1.64511e+00 1.89384e+00
1.79014e+00 1.64671e+00
1.89622e+00 1.41998e+00
1.92495e+00 1.25298e+00
1.87428e+00 1.15919e+00
1.76316e+00 1.13397e+00
1.62651e+00 1.15093e+00
1.47475e+00 1.20384e+00
1.33340e+00 1.26998e+00
1.19969e+00 1.34799e+00
1.07373e+00 1.43644e+00
9.72622e-01 1.52177e+00
8.89707e-01 1.60604e+00
8.15627e-01 1.69594e+00
-5.07005e+00 6.51050e+00
-2.43273e+01 2.05375e+01
-4.11304e+00 5.85830e+00
-3.59764e+00 5.50998e+00
6.31283e-01 2.08558e+00
-2.70440e+01 2.26670e+01
6.01787e-01 2.22283e+00
5.92660e-01 2.28935e+00
-2.88709e+01 2.41401e+01
-3.00115e+00 5.39599e+00
-2.99817e+01 2.50519e+01
5.86832e-01 2.53646e+00
-2.98799e+00 5.57804e+00
-3.00513e+00 5.65302e+00
-3.18455e+01 2.66199e+01
-3.22333e+01 2.69539e+01
-3.11926e+00 5.91679e+00
-3.19495e+00 6.02950e+00
-3.30420e+00 6.16340e+00
7.09885e-01 2.86771e+00
-3.63190e+00 6.49602e+00
-3.85752e+00 6.70591e+00
-4.48143e+00 7.23904e+00
-3.15566e+01 2.68077e+01
-5.98537e+00 8.41645e+00
1.06797e+00 2.64918e+00
1.17671e+00 2.52779e+00
1.30483e+00 2.36997e+00
1.45359e+00 2.17264e+00
1.61116e+00 1.94580e+00
1.76013e+00 1.70059e+00
1.88222e+00 1.46245e+00
1.92914e+00 1.27962e+00
1.89274e+00 1.17105e+00
1.79151e+00 1.13316e+00
1.65999e+00 1.14086e+00
1.50736e+00 1.18941e+00
1.36202e+00 1.25445e+00
-1.82650e+01 1.62287e+01
-1.96099e+01 1.70962e+01
-6.95297e+00 7.84870e+00
9.07070e-01 1.58649e+00
-5.66299e+00 6.91590e+00
7.65639e-01 1.76638e+00
7.17664e-01 1.85162e+00
-4.23002e+00 5.93965e+00
6.57108e-01 2.00002e+00
6.35168e-01 2.07038e+00
6.17563e-01 2.13988e+00
6.03978e-01 2.20820e+00
-3.10555e+00 5.33353e+00
5.87638e-01 2.34031e+00
-2.93189e+01 2.45060e+01
-2.98675e+01 2.49573e+01
-3.03865e+01 2.53878e+01
-3.08750e+01 2.57965e+01
-3.13324e+01 2.61825e+01
-3.02455e+00 5.71540e+00
-3.21531e+01 2.68844e+01
-3.10585e+00 5.89435e+00
-3.27806e+01 2.74437e+01
-3.27831e+00 6.13303e+00
-3.41546e+00 6.28382e+00
-3.58988e+00 6.45628e+00
-3.27098e+01 2.75747e+01
8.34686e-01 2.84678e+00
-5.11373e+00 7.74679e+00
-5.81711e+00 8.28835e+00
1.04901e+00 2.66925e+00
1.15208e+00 2.55665e+00
1.27552e+00 2.40704e+00
1.41926e+00 2.21888e+00
1.57694e+00 1.99635e+00
1.72903e+00 1.75512e+00
1.86389e+00 1.50829e+00
1.92894e+00 1.31029e+00
1.90771e+00 1.18686e+00
1.81773e+00 1.13542e+00
1.69177e+00 1.13394e+00
1.53924e+00 1.17765e+00
1.39069e+00 1.24069e+00
1.25492e+00 1.31305e+00
1.12508e+00 1.39790e+00
-7.09893e+00 7.95810e+00
9.23922e-01 1.56883e+00
8.46114e-01 1.65638e+00
7.77541e-01 1.74834e+00
-4.83566e+00 6.35736e+00
6.88961e-01 1.91382e+00
-3.78334e+00 5.63501e+00
6.38816e-01 2.05654e+00
6.20401e-01 2.12626e+00
6.06067e-01 2.19485e+00
5.95504e-01 2.26207e+00
5.88409e-01 2.32765e+00
5.84492e-01 2.39140e+00
5.83073e-01 2.45349e+00
5.84824e-01 2.51292e+00
5.89584e-01 2.56941e+00
5.97033e-01 2.62282e+00
-3.01835e+00 5.69880e+00
-3.04981e+00 5.78248e+00
-3.24387e+01 2.71335e+01
-3.27331e+01 2.73991e+01
-3.25505e+00 6.10555e+00
-3.30189e+01 2.77057e+01
-3.29685e+01 2.77143e+01
-3.75955e+00 6.61640e+00
8.24048e-01 2.85233e+00
-4.99249e+00 7.65225e+00
9.51497e-01 2.76296e+00
1.03371e+00 2.68569e+00
1.13113e+00 2.58118e+00
1.25058e+00 2.43854e+00
-2.41028e+01 2.15021e+01
-1.19334e+01 1.26923e+01
1.70325e+00 1.79983e+00
1.84267e+00 1.55130e+00
1.91962e+00 1.34460e+00
8.13167e+00 -3.82022e+00
1.83667e+00 1.14221e+00
1.71362e+00 1.13481e+00
1.56600e+00 1.17021e+00
1.41610e+00 1.23040e+00
1.27976e+00 1.29989e+00
1.14890e+00 1.38241e+00
1.03021e+00 1.47183e+00
9.39488e-01 1.55414e+00
-5.88639e+00 7.07409e+00
-2.30299e+01 1.95532e+01
7.34529e-01 1.82057e+00
6.96532e-01 1.89964e+00
6.67618e-01 1.97277e+00
-3.50804e+00 5.45540e+00
-2.66563e+01 2.23590e+01
-3.21282e+00 5.33031e+00
-3.13440e+00 5.33180e+00
-3.06946e+00 5.34515e+00
5.85762e-01 2.37920e+00
5.83756e-01 2.44164e+00
5.84849e-01 2.50158e+00
-2.98329e+00 5.53662e+00
-2.99424e+00 5.60750e+00
-3.15948e+01 2.64059e+01
-3.20016e+01 2.67542e+01
-3.08474e+00 5.85608e+00
6.45568e-01 2.79617e+00
6.64889e-01 2.83180e+00
-3.30085e+01 2.76891e+01
-3.29844e+01 2.77174e+01
-3.28145e+01 2.76358e+01
-3.24848e+01 2.74329e+01
-3.19663e+01 2.70880e+01
-3.12191e+01 2.65726e+01
-3.02098e+01 2.58610e+01
-7.29241e+00 9.39169e+00
-8.46484e+00 1.02506e+01
1.36125e+00 2.29523e+00
1.51809e+00 2.08167e+00
1.67404e+00 1.84634e+00
1.81672e+00 1.59794e+00
5.52826e+00 -1.66155e+00
1.91919e+00 1.22971e+00
1.85473e+00 1.15072e+00
1.73562e+00 1.13644e+00
1.59413e+00 1.16231e+00
1.44372e+00 1.21876e+00
1.30582e+00 1.28602e+00
1.17386e+00 1.36611e+00
-7.37704e+00 8.17010e+00
9.55776e-01 1.53873e+00
8.74553e-01 1.62429e+00
8.02406e-01 1.71495e+00
7.44379e-01 1.80376e+00
7.03287e-01 1.88482e+00
6.72854e-01 1.95897e+00
-2.58752e+01 2.17422e+01
6.28059e-01 2.09959e+00
6.12124e-01 2.16857e+00
6.00079e-01 2.23627e+00
-2.84000e+01 2.37577e+01
-3.02650e+00 5.36380e+00
5.84004e-01 2.42958e+00
-3.00858e+01 2.51384e+01
5.88039e-01 2.54766e+00
5.94436e-01 2.60224e+00
6.03330e-01 2.65370e+00
6.14418e-01 2.70196e+00
6.27412e-01 2.74701e+00
6.42042e-01 2.78883e+00
6.60412e-01 2.82580e+00
-3.30010e+01 2.76742e+01
7.16930e-01 2.86977e+00
-3.28644e+01 2.76643e+01
-3.25675e+01 2.74864e+01
-4.70033e+00 7.41955e+00
-5.39059e+00 7.96158e+00
-6.15486e+00 8.54457e+00
-2.91755e+01 2.51205e+01
1.20113e+00 2.49827e+00
1.33371e+00 2.33253e+00
-1.11852e+01 1.21693e+01
1.64514e+00 1.89380e+00
1.79017e+00 1.64665e+00
1.89624e+00 1.41994e+00
8.47169e+00 -4.03223e+00
1.87426e+00 1.15917e+00
1.76313e+00 1.13397e+00
1.62646e+00 1.15095e+00
1.47472e+00 1.20386e+00
1.33337e+00 1.27000e+00
1.19967e+00 1.34801e+00
1.07371e+00 1.43646e+00
9.72602e-01 1.52179e+00
-2.17436e+01 1.86026e+01
-5.54676e+00 6.83519e+00
-2.35416e+01 1.99375e+01
-4.69021e+00 6.26670e+00
-4.11291e+00 5.85821e+00
6.52268e-01 2.01541e+00
6.31279e-01 2.08559e+00
-2.70441e+01 2.26671e+01
6.01785e-01 2.22284e+00
-3.09235e+00 5.33731e+00
5.86879e-01 2.35417e+00
5.84028e-01 2.41720e+00
-2.99819e+01 2.50521e+01
5.86833e-01 2.53647e+00
-2.98799e+00 5.57805e+00
6.01150e-01 2.64377e+00
-3.03155e+00 5.73376e+00
6.24494e-01 2.73841e+00
6.38837e-01 2.78088e+00
-3.19497e+00 6.02952e+00
-3.30423e+00 6.16342e+00
-3.44926e+00 6.31891e+00
-3.63195e+00 6.49606e+00
-3.26420e+01 2.75335e+01
-3.22070e+01 2.72508e+01
-3.15564e+01 2.68075e+01
-3.06575e+01 2.61786e+01
1.06799e+00 2.64916e+00
1.17674e+00 2.52775e+00
1.30487e+00 2.36993e+00
1.45363e+00 2.17258e+00
-1.53633e+01 1.52218e+01
1.76016e+00 1.70054e+00
7.02005e+00 -2.74090e+00
1.92913e+00 1.27960e+00
1.89272e+00 1.17103e+00
1.79148e+00 1.13316e+00
1.65995e+00 1.14088e+00
1.50731e+00 1.18942e+00
1.36199e+00 1.25446e+00
1.22699e+00 1.32991e+00
1.09889e+00 1.41680e+00
9.92420e-01 1.50313e+00
9.07053e-01 1.58650e+00
8.30976e-01 1.67531e+00
-5.16456e+00 6.57280e+00
-2.41635e+01 2.04112e+01
-2.48969e+01 2.09777e+01
-3.68268e+00 5.56645e+00
-3.41797e+00 5.39930e+00
-2.69060e+01 2.25568e+01
-2.75375e+01 2.30615e+01
5.94101e-01 2.27510e+00
-3.04569e+00 5.35132e+00
-3.00561e+00 5.38519e+00
-2.98689e+00 5.43597e+00
5.85751e-01 2.52418e+00
-2.98498e+00 5.56214e+00
-3.13325e+01 2.61826e+01
-3.17585e+01 2.65453e+01
-3.21532e+01 2.68845e+01
6.35490e-01 2.77205e+00
-3.17649e+00 6.00378e+00
6.74012e-01 2.84327e+00
-3.30184e+01 2.77145e+01
-3.58992e+00 6.45632e+00
-3.27097e+01 2.75746e+01
-3.23144e+01 2.73218e+01
-5.11387e+00 7.74689e+00
-5.81727e+00 8.28847e+00
-2.97521e+01 2.55345e+01
1.15211e+00 2.55661e+00
1.27554e+00 2.40700e+00
1.41929e+00 2.21883e+00
1.57697e+00 1.99631e+00
1.72906e+00 1.75506e+00
1.86392e+00 1.50825e+00
1.92895e+00 1.31025e+00
1.90770e+00 1.18684e+00
1.81771e+00 1.13541e+00
1.69174e+00 1.13395e+00
1.53922e+00 1.17766e+00
1.39067e+00 1.24071e+00
1.25490e+00 1.31307e+00
1.12506e+00 1.39790e+00
1.01156e+00 1.48642e+00
9.23907e-01 1.56883e+00
8.46100e-01 1.65639e+00
7.77529e-01 1.74836e+00
-4.83560e+00 6.35731e+00
-2.47543e+01 2.08666e+01
-2.54662e+01 2.14203e+01
-3.45942e+00 5.42339e+00
-3.28332e+00 5.33502e+00
-2.74149e+01 2.29629e+01
5.95501e-01 2.26208e+00
5.88407e-01 2.32766e+00
-3.00995e+00 5.37559e+00
-2.98857e+00 5.42431e+00
-2.98022e+00 5.48283e+00
-3.07827e+01 2.57188e+01
-2.99554e+00 5.62020e+00
-3.01836e+00 5.69882e+00
-3.04981e+00 5.78249e+00
-3.09380e+00 5.87401e+00
6.48672e-01 2.80377e+00
-3.29354e+01 2.75966e+01
-3.30189e+01 2.77057e+01
7.31242e-01 2.87265e+00
7.73691e-01 2.87016e+00
-4.07312e+00 6.89617e+00
-4.99262e+00 7.65234e+00
-5.66883e+00 8.17538e+00
-6.49026e+00 8.79696e+00
-2.85812e+01 2.46929e+01
-8.71620e+00 1.04331e+01
-2.41023e+01 2.15018e+01
1.54785e+00 2.03932e+00
1.70327e+00 1.79979e+00
7.67399e+00 -3.16290e+00
5.27920e+00 -1.48962e+00
4.80116e+00 -1.24280e+00
1.83665e+00 1.14220e+00
1.71360e+00 1.13481e+00
1.56597e+00 1.17022e+00
1.41608e+00 1.23040e+00
1.27973e+00 1.29990e+00
1.14887e+00 1.38242e+00
1.03019e+00 1.47185e+00
9.39473e-01 1.55416e+00
8.59663e-01 1.64119e+00
7.89250e-01 1.73277e+00
7.34519e-01 1.82059e+00
-4.45957e+00 6.10355e+00
-2.53345e+01 2.13189e+01
-2.60041e+01 2.18435e+01
-2.66564e+01 2.23591e+01
6.09428e-01 2.18190e+00
-3.13439e+00 5.33180e+00
-3.06945e+00 5.34515e+00
5.85761e-01 2.37921e+00
5.83755e-01 2.44165e+00
5.84849e-01 2.50159e+00
-2.98329e+00 5.53663e+00
-2.99424e+00 5.60752e+00
-3.15949e+01 2.64060e+01
-3.20016e+01 2.67542e+01
-3.23723e+01 2.70754e+01
-3.26792e+01 2.73502e+01
-3.29018e+01 2.75627e+01
-3.30085e+01 2.76891e+01
-3.29844e+01 2.77174e+01
-3.28145e+01 2.76358e+01
-3.24847e+01 2.74328e+01
-4.88263e+00 7.56551e+00
9.37482e-01 2.77449e+00
1.01891e+00 2.70010e+00
-7.29259e+00 9.39181e+00
1.22630e+00 2.46757e+00
1.36128e+00 2.29520e+00
1.51812e+00 2.08164e+00
1.67407e+00 1.84630e+00
1.81674e+00 1.59791e+00
8.26520e+00 -3.75649e+00
1.91918e+00 1.22968e+00
1.85471e+00 1.15072e+00
1.73559e+00 1.13644e+00
1.59411e+00 1.16232e+00
1.44370e+00 1.21879e+00
1.30580e+00 1.28603e+00
1.17384e+00 1.36613e+00
1.05145e+00 1.45506e+00
9.55760e-01 1.53875e+00
8.74540e-01 1.62430e+00
-5.44577e+00 6.76632e+00
-4.98872e+00 6.45826e+00
-4.57492e+00 6.18573e+00
6.72849e-01 1.95898e+00
-3.55312e+00 5.48331e+00
-2.65303e+01 2.22591e+01
6.12122e-01 2.16858e+00
-2.77947e+01 2.32689e+01
5.91618e-01 2.30245e+00
-3.02648e+00 5.36382e+00
-2.99799e+00 5.40681e+00
-2.98477e+00 5.46178e+00
5.88040e-01 2.54767e+00
5.94438e-01 2.60224e+00
6.03333e-01 2.65370e+00
6.14421e-01 2.70197e+00
6.27415e-01 2.74702e+00
-3.13221e+00 5.93787e+00
6.60416e-01 2.82580e+00
6.85063e-01 2.85357e+00
-3.48310e+00 6.35276e+00
7.56382e-01 2.87279e+00
8.03665e-01 2.86106e+00
-4.70052e+00 7.41970e+00
9.22831e-01 2.78682e+00
-3.04377e+01 2.60230e+01
-2.91753e+01 2.51204e+01
-8.20948e+00 1.00646e+01
-9.57938e+00 1.10516e+01
1.48723e+00 2.12629e+00
1.64517e+00 1.89375e+00
1.79020e+00 1.64661e+00
5.82063e+00 -1.86619e+00
1.92495e+00 1.25292e+00
6.74596e+00 -2.81817e+00
1.76311e+00 1.13397e+00
1.62644e+00 1.15096e+00
1.47469e+00 1.20386e+00
1.33335e+00 1.27000e+00
1.19964e+00 1.34803e+00
1.07368e+00 1.43649e+00
9.72584e-01 1.52181e+00
8.89674e-01 1.60607e+00
8.15597e-01 1.69599e+00
-5.06986e+00 6.51038e+00
-2.43276e+01 2.05378e+01
-2.50535e+01 2.10997e+01
-3.59754e+00 5.50992e+00
-3.37311e+00 5.37349e+00
-2.70442e+01 2.26671e+01
6.01782e-01 2.22286e+00
5.92656e-01 2.28938e+00
5.86878e-01 2.35418e+00
-3.00114e+00 5.39601e+00
-2.98531e+00 5.44901e+00
-2.98124e+00 5.51000e+00
-3.09759e+01 2.58816e+01
-3.14264e+01 2.62625e+01
-3.03155e+00 5.73377e+00
6.24497e-01 2.73842e+00
-3.11929e+00 5.91683e+00
6.56248e-01 2.81917e+00
6.79498e-01 2.84907e+00
-3.30163e+01 2.77230e+01
7.47810e-01 2.87351e+00
7.93515e-01 2.86485e+00
8.46285e-01 2.84057e+00
9.08439e-01 2.79827e+00
9.84047e-01 2.73381e+00
-2.94664e+01 2.53298e+01
-2.78666e+01 2.41745e+01
1.30490e+00 2.36989e+00
1.45366e+00 2.17254e+00
-1.80952e+01 1.72269e+01
1.76019e+00 1.70047e+00
7.01744e+00 -2.73895e+00
4.93355e+00 -1.26939e+00
1.89270e+00 1.17102e+00
1.79145e+00 1.13316e+00
1.65992e+00 1.14088e+00
1.50728e+00 1.18943e+00
1.36196e+00 1.25448e+00
1.22697e+00 1.32992e+00
1.09886e+00 1.41682e+00
9.92401e-01 1.50315e+00
9.07037e-01 1.58652e+00
8.30961e-01 1.67534e+00
7.65617e-01 1.76641e+00
7.17650e-01 1.85165e+00
-2.48970e+01 2.09777e+01
-2.55980e+01 2.15239e+01
-2.62588e+01 2.20435e+01
-2.69061e+01 2.25568e+01
6.03974e-01 2.20822e+00
-3.10553e+00 5.33354e+00
5.87638e-01 2.34033e+00
5.84297e-01 2.40368e+00
5.83400e-01 2.46533e+00
5.85753e-01 2.52419e+00
-2.98498e+00 5.56215e+00
-3.13325e+01 2.61826e+01
-3.17586e+01 2.65454e+01
-3.05753e+00 5.79990e+00
-3.25000e+01 2.71883e+01
-3.17651e+00 6.00380e+00
-3.29603e+01 2.76245e+01
-3.30183e+01 2.77145e+01
-3.29396e+01 2.77017e+01
-3.27096e+01 2.75745e+01
-3.23143e+01 2.73217e+01
-3.17123e+01 2.69147e+01
-3.08691e+01 2.63275e+01
1.04904e+00 2.66922e+00
1.15212e+00 2.55659e+00
-8.97549e+00 1.06192e+01
1.41932e+00 2.21880e+00
1.57700e+00 1.99626e+00
1.72909e+00 1.75502e+00
1.86393e+00 1.50821e+00
1.92895e+00 1.31023e+00
1.90769e+00 1.18683e+00
1.81768e+00 1.13541e+00
1.69172e+00 1.13396e+00
1.53919e+00 1.17766e+00
1.39064e+00 1.24071e+00
1.25486e+00 1.31308e+00
-7.91007e+00 8.57957e+00
1.01154e+00 1.48644e+00
9.23892e-01 1.56885e+00
8.46086e-01 1.65641e+00
-5.25782e+00 6.63577e+00
7.25678e-01 1.83536e+00
6.88948e-01 1.91385e+00
-3.78310e+00 5.63484e+00
6.38807e-01 2.05656e+00
6.20394e-01 2.12628e+00
6.06062e-01 2.19488e+00
-3.11786e+00 5.33038e+00
5.88406e-01 2.32767e+00
5.84490e-01 2.39142e+00
-2.98856e+00 5.42432e+00
-2.98021e+00 5.48284e+00
-3.07828e+01 2.57189e+01
-3.12464e+01 2.61094e+01
-3.01836e+00 5.69883e+00
-3.04982e+00 5.78251e+00
-3.09382e+00 5.87403e+00
-3.27333e+01 2.73993e+01
-3.29355e+01 2.75967e+01
-3.30189e+01 2.77057e+01
7.31249e-01 2.87265e+00
-3.75964e+00 6.61648e+00
-3.24082e+01 2.73838e+01
-4.99272e+00 7.65242e+00
-5.66891e+00 8.17545e+00
1.03373e+00 2.68567e+00
-7.49775e+00 9.54386e+00
1.25062e+00 2.43849e+00
-1.01439e+01 1.14490e+01
1.54787e+00 2.03928e+00
1.70330e+00 1.79975e+00
1.84271e+00 1.55122e+00
1.91964e+00 1.34455e+00
1.91441e+00 1.20699e+00
1.83664e+00 1.14219e+00
1.71359e+00 1.13480e+00
1.56595e+00 1.17023e+00
1.41606e+00 1.23041e+00
1.27971e+00 1.29992e+00
1.14885e+00 1.38243e+00
1.03017e+00 1.47186e+00
9.39460e-01 1.55417e+00
8.59649e-01 1.64121e+00
7.89239e-01 1.73279e+00
-4.90773e+00 6.40503e+00
6.96520e-01 1.89967e+00
-3.89793e+00 5.71482e+00
-3.50797e+00 5.45535e+00
6.24574e-01 2.11316e+00
-3.21279e+00 5.33031e+00
5.98109e-01 2.24932e+00
5.90317e-01 2.31517e+00
5.85761e-01 2.37922e+00
5.83755e-01 2.44166e+00
5.84849e-01 2.50160e+00
-2.98330e+00 5.53664e+00
-2.99425e+00 5.60752e+00
-3.15950e+01 2.64061e+01
-3.20017e+01 2.67543e+01
-3.08475e+00 5.85611e+00
-3.14668e+00 5.95976e+00
-3.23547e+00 6.08082e+00
-3.30085e+01 2.76891e+01
-3.29843e+01 2.77173e+01
-3.71802e+00 6.57726e+00
-3.96584e+00 6.80401e+00
-4.88272e+00 7.56558e+00
9.37491e-01 2.77447e+00
1.01892e+00 2.70009e+00
1.11051e+00 2.60327e+00
1.22632e+00 2.46755e+00
1.36130e+00 2.29517e+00
-1.15157e+01 1.23948e+01
1.67409e+00 1.84626e+00
1.81676e+00 1.59787e+00
1.90762e+00 1.38169e+00
1.91917e+00 1.22967e+00
1.85469e+00 1.15071e+00
1.73557e+00 1.13644e+00
1.59408e+00 1.16232e+00
1.44367e+00 1.21879e+00
1.30577e+00 1.28604e+00
1.17381e+00 1.36615e+00
1.05143e+00 1.45507e+00
9.55747e-01 1.53876e+00
-6.00772e+00 7.16071e+00
-2.28571e+01 1.94245e+01
-4.98866e+00 6.45822e+00
7.03277e-01 1.88485e+00
6.72846e-01 1.95899e+00
-3.55309e+00 5.48329e+00
-3.33572e+00 5.35421e+00
6.12120e-01 2.16859e+00
6.00077e-01 2.23629e+00
-2.84003e+01 2.37580e+01
5.86449e-01 2.36688e+00
-2.95498e+01 2.46960e+01
5.84455e-01 2.49009e+00
5.88042e-01 2.54768e+00
5.94440e-01 2.60225e+00
6.03334e-01 2.65371e+00
6.14423e-01 2.70198e+00
6.27418e-01 2.74702e+00
6.42048e-01 2.78884e+00
6.60419e-01 2.82580e+00
-3.30010e+01 2.76743e+01
7.16942e-01 2.86977e+00
7.56388e-01 2.87279e+00
-3.25674e+01 2.74864e+01
-3.20906e+01 2.71725e+01
-5.39083e+00 7.96176e+00
1.00138e+00 2.71739e+00
-7.07966e+00 9.23460e+00
-8.20966e+00 1.00648e+01
1.33376e+00 2.33245e+00
1.48726e+00 2.12626e+00
1.64520e+00 1.89371e+00
1.79022e+00 1.64657e+00
1.89626e+00 1.41987e+00
1.92494e+00 1.25291e+00
1.87423e+00 1.15915e+00
1.76308e+00 1.13398e+00
1.62641e+00 1.15098e+00
1.47466e+00 1.20388e+00
1.33332e+00 1.27002e+00
1.19962e+00 1.34803e+00
1.07366e+00 1.43650e+00
9.72569e-01 1.52181e+00
8.89660e-01 1.60609e+00
8.15586e-01 1.69600e+00
-2.35419e+01 1.99377e+01
-2.43277e+01 2.05378e+01
-2.50537e+01 2.10999e+01
-3.59750e+00 5.50989e+00
6.31273e-01 2.08562e+00
-2.70444e+01 2.26673e+01
6.01781e-01 2.22287e+00
-3.09232e+00 5.33732e+00
-3.03516e+00 5.35735e+00
-3.00114e+00 5.39602e+00
-2.98531e+00 5.44902e+00
-2.98124e+00 5.51001e+00
-2.98800e+00 5.57808e+00
-3.00514e+00 5.65307e+00
-3.18457e+01 2.66202e+01
-3.06617e+00 5.81912e+00
-3.25666e+01 2.72479e+01
-3.28314e+01 2.74917e+01
-3.29864e+01 2.76541e+01
-3.30163e+01 2.77230e+01
-3.29063e+01 2.76867e+01
-3.26419e+01 2.75335e+01
-4.48211e+00 7.23960e+00
-3.15561e+01 2.68073e+01
-3.06570e+01 2.61783e+01
-2.94661e+01 2.53296e+01
1.17678e+00 2.52770e+00
1.30492e+00 2.36986e+00
-1.08261e+01 1.19217e+01
-1.53679e+01 1.52252e+01
1.76022e+00 1.70043e+00
1.88226e+00 1.46232e+00
1.92913e+00 1.27954e+00
1.89269e+00 1.17101e+00
1.79142e+00 1.13316e+00
1.65989e+00 1.14089e+00
1.50726e+00 1.18945e+00
1.36194e+00 1.25450e+00
1.22694e+00 1.32993e+00
1.09884e+00 1.41682e+00
9.92386e-01 1.50316e+00
9.07021e-01 1.58654e+00
8.30948e-01 1.67536e+00
7.65607e-01 1.76644e+00
7.17642e-01 1.85167e+00
-2.48972e+01 2.09779e+01
-2.55981e+01 2.15240e+01
-3.41791e+00 5.39926e+00
6.17557e-01 2.13992e+00
6.03974e-01 2.20824e+00
5.94099e-01 2.27512e+00
-3.04568e+00 5.35133e+00
-3.00560e+00 5.38521e+00
-2.98678e+01 2.49575e+01
5.85753e-01 2.52420e+00
-2.98498e+00 5.56216e+00
5.98975e-01 2.63286e+00
-3.17586e+01 2.65454e+01
-3.05754e+00 5.79992e+00
-3.25000e+01 2.71883e+01
-3.27806e+01 2.74438e+01
-3.27838e+00 6.13311e+00
7.02850e-01 2.86447e+00
-3.58999e+00 6.45638e+00
-3.80621e+00 6.65911e+00
-4.26486e+00 7.05722e+00
8.94176e-01 2.80877e+00
-5.81758e+00 8.28872e+00
-2.97516e+01 2.55342e+01
1.15214e+00 2.55656e+00
1.27559e+00 2.40694e+00
1.41935e+00 2.21876e+00
-1.92408e+01 1.80503e+01
1.72912e+00 1.75497e+00
1.86395e+00 1.50817e+00
1.92896e+00 1.31020e+00
1.90768e+00 1.18682e+00
1.81767e+00 1.13540e+00
1.69169e+00 1.13396e+00
1.53917e+00 1.17767e+00
1.39062e+00 1.24072e+00
1.25484e+00 1.31309e+00
1.12501e+00 1.39793e+00
-7.09856e+00 7.95781e+00
-6.41039e+00 7.44876e+00
-5.77834e+00 6.99667e+00
-5.25774e+00 6.63572e+00
7.25670e-01 1.83537e+00
-2.47545e+01 2.08668e+01
6.61612e-01 1.98605e+00
6.38802e-01 2.05658e+00
-3.28329e+00 5.33501e+00
-3.19345e+00 5.32627e+00
-3.11785e+00 5.33038e+00
-2.86310e+01 2.39443e+01
-3.00994e+00 5.37560e+00
-2.97633e+01 2.48710e+01
5.84824e-01 2.51296e+00
-2.98245e+00 5.54782e+00
5.97036e-01 2.62286e+00
-3.01837e+00 5.69884e+00
6.18770e-01 2.72017e+00
6.32477e-01 2.76398e+00
-3.16000e+00 5.98054e+00
-3.25511e+00 6.10562e+00
-3.38511e+00 6.25215e+00
7.31255e-01 2.87266e+00
7.73707e-01 2.87016e+00
-4.07342e+00 6.89643e+00
-3.18492e+01 2.70087e+01
-3.10554e+01 2.64585e+01
-6.49050e+00 8.79715e+00
-7.49791e+00 9.54399e+00
-8.71656e+00 1.04334e+01
1.39013e+00 2.25811e+00
1.54789e+00 2.03925e+00
1.70332e+00 1.79972e+00
1.84273e+00 1.55118e+00
1.91965e+00 1.34452e+00
1.91440e+00 1.20698e+00
1.83663e+00 1.14218e+00
1.71357e+00 1.13481e+00
1.56593e+00 1.17023e+00
1.41603e+00 1.23042e+00
1.27970e+00 1.29993e+00
1.14884e+00 1.38244e+00
1.03016e+00 1.47187e+00
9.39449e-01 1.55418e+00
8.59640e-01 1.64121e+00
7.89230e-01 1.73280e+00
-4.90768e+00 6.40499e+00
6.96514e-01 1.89969e+00
-3.89785e+00 5.71477e+00
-3.50794e+00 5.45533e+00
6.24572e-01 2.11315e+00
-2.72941e+01 2.28672e+01
5.98108e-01 2.24934e+00
5.90317e-01 2.31517e+00
-3.01829e+00 5.37011e+00
-2.99407e+00 5.41650e+00
-2.98342e+00 5.47343e+00
-3.06877e+01 2.56398e+01
-2.99425e+00 5.60754e+00
6.05285e-01 2.66343e+00
-3.04488e+00 5.76749e+00
-3.08476e+00 5.85613e+00
-3.14669e+00 5.95978e+00
-3.23548e+00 6.08083e+00
-3.35874e+00 6.22325e+00
-3.29843e+01 2.77173e+01
7.65268e-01 2.87128e+00
-3.96588e+00 6.80406e+00
8.70084e-01 2.82535e+00
9.37499e-01 2.77446e+00
-6.32720e+00 8.67413e+00
-7.29292e+00 9.39206e+00
-2.70741e+01 2.35978e+01
1.36132e+00 2.29513e+00
-1.15160e+01 1.23949e+01
1.67411e+00 1.84622e+00
1.81678e+00 1.59783e+00
8.26540e+00 -3.75669e+00
4.82774e+00 -1.23974e+00
5.63140e+00 -1.98414e+00
1.73555e+00 1.13645e+00
1.59406e+00 1.16233e+00
-1.52223e+01 1.42155e+01
1.30575e+00 1.28605e+00
