1.92960e+00 1.13922e+00
1.82915e+00 1.10059e+00
1.68806e+00 1.11760e+00
1.53543e+00 1.16613e+00
1.38744e+00 1.23306e+00
1.24957e+00 1.31073e+00
1.12124e+00 1.39772e+00
1.01188e+00 1.48638e+00
9.23858e-01 1.57234e+00
8.47111e-01 1.66204e+00
7.81514e-01 1.75316e+00
7.30149e-01 1.83936e+00
6.92782e-01 1.91910e+00
6.66216e-01 1.99215e+00
6.44381e-01 2.06305e+00
6.26776e-01 2.13254e+00
6.13189e-01 2.20087e+00
6.03313e-01 2.26775e+00
5.96848e-01 2.33297e+00
5.93506e-01 2.39632e+00
5.93006e-01 2.45764e+00
5.95356e-01 2.51649e+00
6.00652e-01 2.57237e+00
6.08575e-01 2.62516e+00
6.18815e-01 2.67479e+00
6.31079e-01 2.72120e+00
6.45087e-01 2.76438e+00
6.62401e-01 2.80266e+00
6.84556e-01 2.83419e+00
7.13379e-01 2.85539e+00
7.49639e-01 2.86407e+00
7.93635e-01 2.85865e+00
8.45584e-01 2.83759e+00
9.05602e-01 2.79940e+00
9.78202e-01 2.73996e+00
1.06536e+00 2.65572e+00
1.16790e+00 2.54320e+00
1.29133e+00 2.39360e+00
1.43720e+00 2.20397e+00
1.59569e+00 1.97957e+00
1.75368e+00 1.73165e+00
1.89342e+00 1.48319e+00
1.96210e+00 1.28252e+00
1.94457e+00 1.15504e+00
1.85548e+00 1.10274e+00
1.72056e+00 1.10974e+00
1.56731e+00 1.15438e+00
1.41781e+00 1.21797e+00
1.27745e+00 1.29390e+00
1.14740e+00 1.37884e+00
1.03325e+00 1.46785e+00
9.40871e-01 1.55452e+00
8.62232e-01 1.64313e+00
7.93656e-01 1.73510e+00
7.39484e-01 1.82236e+00
6.98807e-01 1.90398e+00
6.70686e-01 1.97788e+00
6.48031e-01 2.04921e+00
6.29616e-01 2.11892e+00
6.15281e-01 2.18752e+00
6.04716e-01 2.25473e+00
5.97621e-01 2.32031e+00
5.93703e-01 2.38406e+00
5.92683e-01 2.44580e+00
5.94433e-01 2.50524e+00
5.99192e-01 2.56173e+00
6.06640e-01 2.61515e+00
6.16465e-01 2.66541e+00
6.28370e-01 2.71247e+00
6.42072e-01 2.75629e+00
6.58435e-01 2.79584e+00
6.79629e-01 2.82879e+00
7.07021e-01 2.85228e+00
7.41782e-01 2.86358e+00
7.84228e-01 2.86110e+00
8.34592e-01 2.84326e+00
8.93012e-01 2.80859e+00
9.62957e-01 2.75357e+00
1.04719e+00 2.67441e+00
1.14695e+00 2.56773e+00
1.26639e+00 2.42510e+00
1.40800e+00 2.24328e+00
1.56591e+00 2.02410e+00
1.72505e+00 1.77881e+00
1.87220e+00 1.52618e+00
1.95458e+00 1.31548e+00
1.95127e+00 1.17521e+00
1.87426e+00 1.10968e+00
1.74679e+00 1.10643e+00
1.59406e+00 1.14695e+00
1.44411e+00 1.20698e+00
1.30229e+00 1.28075e+00
1.17121e+00 1.36336e+00
1.05315e+00 1.45224e+00
9.57120e-01 1.53916e+00
8.76457e-01 1.62704e+00
8.05376e-01 1.71951e+00
7.48761e-01 1.80756e+00
7.05794e-01 1.89013e+00
6.76623e-01 1.96438e+00
6.53084e-01 2.03598e+00
6.33794e-01 2.10580e+00
6.18644e-01 2.17455e+00
6.07324e-01 2.24197e+00
5.99532e-01 2.30782e+00
5.94973e-01 2.37187e+00
5.93365e-01 2.43396e+00
5.94457e-01 2.49390e+00
5.98623e-01 2.55092e+00
6.05537e-01 2.60490e+00
6.14887e-01 2.65574e+00
6.26375e-01 2.70338e+00
6.39713e-01 2.74780e+00
6.55168e-01 2.78850e+00
6.75440e-01 2.82273e+00
7.01483e-01 2.84832e+00
7.34824e-01 2.86201e+00
7.75794e-01 2.86222e+00
8.24641e-01 2.84738e+00
8.81523e-01 2.81598e+00
9.48932e-01 2.76510e+00
1.03036e+00 2.69073e+00
1.12722e+00 2.58935e+00
1.24209e+00 2.45416e+00
1.37920e+00 2.28031e+00
1.53604e+00 2.06676e+00
1.69536e+00 1.82582e+00
1.84624e+00 1.57284e+00
1.94256e+00 1.35264e+00
1.95604e+00 1.19788e+00
1.89208e+00 1.11843e+00
1.77291e+00 1.10419e+00
1.62220e+00 1.13904e+00
1.47173e+00 1.19535e+00
1.32835e+00 1.26686e+00
1.19618e+00 1.34707e+00
1.07399e+00 1.43582e+00
9.74129e-01 1.52302e+00
8.91336e-01 1.61014e+00
8.18521e-01 1.70171e+00
7.59119e-01 1.79068e+00
7.13544e-01 1.87436e+00
6.81807e-01 1.95032e+00
6.57409e-01 2.02228e+00
6.37271e-01 2.09226e+00
6.21336e-01 2.16124e+00
6.09290e-01 2.22894e+00
6.00830e-01 2.29510e+00
5.95660e-01 2.35952e+00
5.93495e-01 2.42200e+00
5.94061e-01 2.48239e+00
5.97647e-01 2.53998e+00
6.04044e-01 2.59456e+00
6.12937e-01 2.64602e+00
6.24025e-01 2.69429e+00
6.37018e-01 2.73934e+00
6.51643e-01 2.78115e+00
6.70963e-01 2.81672e+00
6.95607e-01 2.84450e+00
7.27478e-01 2.86070e+00
7.66920e-01 2.86373e+00
8.14201e-01 2.85200e+00
8.69496e-01 2.82401e+00
9.34285e-01 2.77744e+00
1.01281e+00 2.70803e+00
1.10650e+00 2.61234e+00
1.21695e+00 2.48483e+00
1.34952e+00 2.31909e+00
1.50514e+00 2.11142e+00
1.66469e+00 1.87518e+00
1.81968e+00 1.62155e+00
1.93072e+00 1.39118e+00
1.96180e+00 1.22113e+00
1.91138e+00 1.12710e+00
1.80075e+00 1.10143e+00
1.65453e+00 1.12768e+00
1.50273e+00 1.18043e+00
1.35697e+00 1.25002e+00
1.22219e+00 1.32886e+00
1.09602e+00 1.41742e+00
9.91652e-01 1.50537e+00
9.06474e-01 1.59192e+00
8.31729e-01 1.68271e+00
7.69368e-01 1.77277e+00
7.21035e-01 1.85769e+00
6.86703e-01 1.93544e+00
6.61435e-01 2.00783e+00
6.40493e-01 2.07826e+00
6.23769e-01 2.14750e+00
6.10997e-01 2.21551e+00
6.01869e-01 2.28203e+00
5.96090e-01 2.34684e+00
5.93371e-01 2.40975e+00
5.93437e-01 2.47059e+00
5.96441e-01 2.52879e+00
6.02320e-01 2.58400e+00
6.10757e-01 2.63610e+00
6.21448e-01 2.68502e+00
6.34100e-01 2.73073e+00
6.48438e-01 2.77320e+00
6.66796e-01 2.81008e+00
6.90043e-01 2.84000e+00
7.20441e-01 2.85865e+00
7.58348e-01 2.86444e+00
8.04049e-01 2.85580e+00
8.57738e-01 2.83118e+00
9.19888e-01 2.78889e+00
9.95488e-01 2.72444e+00
1.08596e+00 2.63443e+00
1.19255e+00 2.51431e+00
1.32068e+00 2.35650e+00
1.47156e+00 2.15767e+00
1.63074e+00 1.92714e+00
1.78738e+00 1.67614e+00
1.91410e+00 1.43558e+00
1.96433e+00 1.24951e+00
1.92958e+00 1.13920e+00
1.82912e+00 1.10059e+00
1.68802e+00 1.11761e+00
1.53539e+00 1.16614e+00
1.38740e+00 1.23308e+00
1.24953e+00 1.31075e+00
1.12121e+00 1.39774e+00
1.01185e+00 1.48641e+00
9.23838e-01 1.57236e+00
8.47094e-01 1.66207e+00
7.81500e-01 1.75318e+00
7.30139e-01 1.83938e+00
6.92775e-01 1.91912e+00
6.66211e-01 1.99217e+00
6.44378e-01 2.06307e+00
6.26773e-01 2.13256e+00
6.13187e-01 2.20088e+00
6.03312e-01 2.26777e+00
5.96848e-01 2.33298e+00
5.93506e-01 2.39634e+00
5.93007e-01 2.45765e+00
5.95358e-01 2.51650e+00
6.00655e-01 2.57238e+00
6.08577e-01 2.62517e+00
6.18818e-01 2.67480e+00
6.31083e-01 2.72121e+00
6.45091e-01 2.76439e+00
6.62406e-01 2.80267e+00
6.84562e-01 2.83420e+00
7.13387e-01 2.85539e+00
7.49649e-01 2.86407e+00
7.93647e-01 2.85865e+00
8.45598e-01 2.83759e+00
9.05618e-01 2.79939e+00
9.78220e-01 2.73995e+00
1.06538e+00 2.65569e+00
1.16792e+00 2.54317e+00
1.29136e+00 2.39356e+00
1.43724e+00 2.20392e+00
1.59573e+00 1.97951e+00
1.75372e+00 1.73159e+00
1.89344e+00 1.48314e+00
1.96211e+00 1.28248e+00
1.94456e+00 1.15502e+00
1.85545e+00 1.10274e+00
1.72053e+00 1.10975e+00
1.56727e+00 1.15439e+00
1.41777e+00 1.21799e+00
1.27742e+00 1.29392e+00
1.14737e+00 1.37886e+00
1.03323e+00 1.46787e+00
9.40852e-01 1.55454e+00
8.62216e-01 1.64315e+00
7.93643e-01 1.73512e+00
7.39473e-01 1.82238e+00
6.98799e-01 1.90400e+00
6.70679e-01 1.97789e+00
6.48026e-01 2.04922e+00
6.29611e-01 2.11894e+00
6.15277e-01 2.18754e+00
6.04713e-01 2.25474e+00
5.97619e-01 2.32033e+00
5.93702e-01 2.38408e+00
5.92682e-01 2.44582e+00
5.94433e-01 2.50526e+00
5.99193e-01 2.56174e+00
6.06641e-01 2.61516e+00
6.16467e-01 2.66542e+00
6.28372e-01 2.71248e+00
6.42075e-01 2.75630e+00
6.58439e-01 2.79585e+00
6.79634e-01 2.82879e+00
7.07028e-01 2.85229e+00
7.41791e-01 2.86359e+00
7.84238e-01 2.86109e+00
8.34604e-01 2.84326e+00
8.93026e-01 2.80858e+00
9.62974e-01 2.75356e+00
1.04721e+00 2.67439e+00
1.14697e+00 2.56770e+00
1.26642e+00 2.42507e+00
1.40803e+00 2.24324e+00
1.56594e+00 2.02406e+00
1.72508e+00 1.77876e+00
1.87222e+00 1.52614e+00
1.95460e+00 1.31545e+00
1.95126e+00 1.17518e+00
1.87424e+00 1.10968e+00
1.74677e+00 1.10643e+00
1.59403e+00 1.14696e+00
1.44408e+00 1.20699e+00
1.30226e+00 1.28076e+00
1.17119e+00 1.36338e+00
1.05313e+00 1.45226e+00
9.57103e-01 1.53917e+00
8.76442e-01 1.62705e+00
8.05363e-01 1.71953e+00
7.48751e-01 1.80758e+00
7.05786e-01 1.89014e+00
6.76618e-01 1.96439e+00
6.53079e-01 2.03600e+00
6.33790e-01 2.10581e+00
6.18641e-01 2.17456e+00
6.07322e-01 2.24198e+00
5.99530e-01 2.30783e+00
5.94972e-01 2.37189e+00
5.93364e-01 2.43397e+00
5.94458e-01 2.49391e+00
5.98624e-01 2.55093e+00
6.05538e-01 2.60491e+00
6.14889e-01 2.65575e+00
6.26377e-01 2.70339e+00
6.39715e-01 2.74781e+00
6.55172e-01 2.78851e+00
6.75445e-01 2.82273e+00
7.01489e-01 2.84832e+00
7.34832e-01 2.86201e+00
7.75803e-01 2.86222e+00
8.24651e-01 2.84737e+00
8.81534e-01 2.81597e+00
9.48947e-01 2.76509e+00
1.03037e+00 2.69071e+00
1.12724e+00 2.58933e+00
1.24212e+00 2.45413e+00
1.37923e+00 2.28027e+00
1.53607e+00 2.06671e+00
1.69539e+00 1.82577e+00
1.84627e+00 1.57279e+00
1.94257e+00 1.35260e+00
1.95603e+00 1.19786e+00
1.89206e+00 1.11842e+00
1.77288e+00 1.10419e+00
1.62217e+00 1.13905e+00
1.47170e+00 1.19537e+00
1.32832e+00 1.26688e+00
1.19615e+00 1.34709e+00
1.07397e+00 1.43584e+00
9.74112e-01 1.52303e+00
8.91321e-01 1.61016e+00
8.18508e-01 1.70173e+00
7.59109e-01 1.79070e+00
7.13536e-01 1.87437e+00
6.81802e-01 1.95033e+00
6.57405e-01 2.02230e+00
6.37268e-01 2.09227e+00
6.21334e-01 2.16125e+00
6.09289e-01 2.22895e+00
6.00829e-01 2.29512e+00
5.95660e-01 2.35953e+00
5.93495e-01 2.42201e+00
5.94062e-01 2.48240e+00
5.97648e-01 2.54000e+00
6.04045e-01 2.59457e+00
6.12939e-01 2.64603e+00
6.24027e-01 2.69430e+00
6.37021e-01 2.73934e+00
6.51646e-01 2.78116e+00
6.70967e-01 2.81673e+00
6.95613e-01 2.84451e+00
7.27485e-01 2.86070e+00
7.66929e-01 2.86372e+00
8.14211e-01 2.85200e+00
8.69508e-01 2.82400e+00
9.34300e-01 2.77742e+00
1.01283e+00 2.70802e+00
1.10652e+00 2.61232e+00
1.21697e+00 2.48479e+00
1.34955e+00 2.31905e+00
1.50517e+00 2.11138e+00
1.66473e+00 1.87512e+00
1.81971e+00 1.62150e+00
1.93073e+00 1.39114e+00
1.96180e+00 1.22110e+00
1.91136e+00 1.12708e+00
1.80072e+00 1.10143e+00
1.65450e+00 1.12769e+00
1.50269e+00 1.18045e+00
1.35694e+00 1.25004e+00
1.22217e+00 1.32888e+00
1.09600e+00 1.41744e+00
9.91632e-01 1.50539e+00
9.06457e-01 1.59194e+00
8.31714e-01 1.68273e+00
7.69356e-01 1.77279e+00
7.21026e-01 1.85771e+00
6.86697e-01 1.93546e+00
6.61430e-01 2.00785e+00
6.40489e-01 2.07827e+00
6.23766e-01 2.14751e+00
6.10994e-01 2.21552e+00
6.01868e-01 2.28204e+00
5.96089e-01 2.34685e+00
5.93371e-01 2.40976e+00
5.93438e-01 2.47060e+00
5.96442e-01 2.52881e+00
6.02321e-01 2.58401e+00
6.10759e-01 2.63611e+00
6.21450e-01 2.68503e+00
6.34104e-01 2.73074e+00
6.48441e-01 2.77321e+00
6.66801e-01 2.81009e+00
6.90049e-01 2.84000e+00
7.20448e-01 2.85865e+00
7.58358e-01 2.86444e+00
8.04060e-01 2.85579e+00
8.57751e-01 2.83117e+00
9.19904e-01 2.78887e+00
9.95507e-01 2.72442e+00
1.08598e+00 2.63441e+00
1.19258e+00 2.51428e+00
1.32071e+00 2.35646e+00
1.47160e+00 2.15762e+00
1.63078e+00 1.92708e+00
1.78741e+00 1.67608e+00
1.91412e+00 1.43553e+00
1.96433e+00 1.24948e+00
1.92956e+00 1.13919e+00
1.82909e+00 1.10059e+00
1.68798e+00 1.11762e+00
1.53535e+00 1.16616e+00
1.38736e+00 1.23310e+00
1.24950e+00 1.31077e+00
1.12118e+00 1.39777e+00
1.01183e+00 1.48643e+00
9.23820e-01 1.57238e+00
8.47078e-01 1.66209e+00
7.81487e-01 1.75320e+00
7.30129e-01 1.83940e+00
6.92770e-01 1.91914e+00
6.66207e-01 1.99218e+00
6.44375e-01 2.06308e+00
6.26771e-01 2.13258e+00
6.13186e-01 2.20090e+00
6.03311e-01 2.26778e+00
5.96848e-01 2.33300e+00
5.93506e-01 2.39635e+00
5.93008e-01 2.45766e+00
5.95360e-01 2.51651e+00
6.00657e-01 2.57239e+00
6.08580e-01 2.62518e+00
6.18821e-01 2.67481e+00
6.31086e-01 2.72122e+00
6.45094e-01 2.76440e+00
6.62410e-01 2.80267e+00
6.84568e-01 2.83420e+00
7.13394e-01 2.85539e+00
7.49657e-01 2.86407e+00
7.93657e-01 2.85865e+00
8.45610e-01 2.83758e+00
9.05632e-01 2.79938e+00
9.78237e-01 2.73993e+00
1.06540e+00 2.65567e+00
1.16795e+00 2.54314e+00
1.29139e+00 2.39352e+00
1.43727e+00 2.20387e+00
1.59576e+00 1.97946e+00
1.75375e+00 1.73154e+00
1.89346e+00 1.48309e+00
1.96212e+00 1.28245e+00
1.94455e+00 1.15500e+00
1.85543e+00 1.10273e+00
1.72050e+00 1.10975e+00
1.56724e+00 1.15440e+00
1.41775e+00 1.21800e+00
1.27740e+00 1.29394e+00
1.14735e+00 1.37888e+00
1.03321e+00 1.46788e+00
9.40835e-01 1.55455e+00
8.62201e-01 1.64316e+00
7.93631e-01 1.73513e+00
7.39464e-01 1.82240e+00
6.98792e-01 1.90401e+00
6.70673e-01 1.97791e+00
6.48021e-01 2.04924e+00
6.29607e-01 2.11895e+00
6.15274e-01 2.18755e+00
6.04711e-01 2.25476e+00
5.97617e-01 2.32034e+00
5.93701e-01 2.38409e+00
5.92682e-01 2.44583e+00
5.94433e-01 2.50527e+00
5.99194e-01 2.56176e+00
6.06642e-01 2.61517e+00
6.16469e-01 2.66543e+00
6.28375e-01 2.71249e+00
6.42077e-01 2.75631e+00
6.58442e-01 2.79586e+00
6.79639e-01 2.82880e+00
7.07034e-01 2.85229e+00
7.41798e-01 2.86359e+00
7.84247e-01 2.86109e+00
8.34614e-01 2.84325e+00
8.93038e-01 2.80857e+00
9.62989e-01 2.75354e+00
1.04723e+00 2.67437e+00
1.14699e+00 2.56768e+00
1.26644e+00 2.42504e+00
1.40806e+00 2.24321e+00
1.56597e+00 2.02402e+00
1.72510e+00 1.77872e+00
1.87224e+00 1.52610e+00
1.95460e+00 1.31541e+00
1.95126e+00 1.17516e+00
1.87422e+00 1.10967e+00
1.74674e+00 1.10643e+00
1.59401e+00 1.14697e+00
1.44405e+00 1.20700e+00
1.30224e+00 1.28077e+00
1.17116e+00 1.36339e+00
1.05311e+00 1.45227e+00
9.57088e-01 1.53919e+00
8.76429e-01 1.62707e+00
8.05352e-01 1.71954e+00
7.48741e-01 1.80759e+00
7.05779e-01 1.89016e+00
6.76613e-01 1.96441e+00
6.53075e-01 2.03601e+00
6.33787e-01 2.10582e+00
6.18639e-01 2.17457e+00
6.07320e-01 2.24200e+00
5.99529e-01 2.30784e+00
5.94971e-01 2.37190e+00
5.93364e-01 2.43398e+00
5.94458e-01 2.49392e+00
5.98624e-01 2.55094e+00
6.05539e-01 2.60492e+00
6.14891e-01 2.65576e+00
6.26379e-01 2.70340e+00
6.39718e-01 2.74782e+00
6.55175e-01 2.78852e+00
6.75449e-01 2.82274e+00
7.01494e-01 2.84832e+00
7.34838e-01 2.86201e+00
7.75811e-01 2.86222e+00
8.24661e-01 2.84737e+00
8.81545e-01 2.81596e+00
9.48959e-01 2.76508e+00
1.03039e+00 2.69070e+00
1.12726e+00 2.58931e+00
1.24214e+00 2.45410e+00
1.37926e+00 2.28023e+00
1.53610e+00 2.06667e+00
1.69542e+00 1.82573e+00
1.84629e+00 1.57275e+00
1.94258e+00 1.35257e+00
1.95603e+00 1.19784e+00
1.89204e+00 1.11841e+00
1.77286e+00 1.10420e+00
1.62214e+00 1.13906e+00
1.47168e+00 1.19538e+00
1.32830e+00 1.26690e+00
1.19613e+00 1.34710e+00
1.07395e+00 1.43586e+00
9.74096e-01 1.52305e+00
8.91307e-01 1.61018e+00
8.18496e-01 1.70174e+00
7.59100e-01 1.79072e+00
7.13530e-01 1.87439e+00
6.81798e-01 1.95034e+00
6.57401e-01 2.02231e+00
6.37265e-01 2.09229e+00
6.21332e-01 2.16126e+00
6.09287e-01 2.22896e+00
6.00828e-01 2.29513e+00
5.95659e-01 2.35955e+00
5.93496e-01 2.42203e+00
5.94063e-01 2.48241e+00
5.97650e-01 2.54001e+00
6.04047e-01 2.59458e+00
6.12941e-01 2.64603e+00
6.24030e-01 2.69430e+00
6.37024e-01 2.73935e+00
6.51649e-01 2.78117e+00
6.70971e-01 2.81673e+00
6.95618e-01 2.84451e+00
7.27492e-01 2.86070e+00
7.66937e-01 2.86372e+00
8.14221e-01 2.85199e+00
8.69519e-01 2.82399e+00
9.34313e-01 2.77741e+00
1.01284e+00 2.70800e+00
1.10654e+00 2.61230e+00
1.21699e+00 2.48477e+00
1.34958e+00 2.31901e+00
1.50520e+00 2.11133e+00
1.66476e+00 1.87507e+00
1.81974e+00 1.62145e+00
1.93075e+00 1.39110e+00
1.96179e+00 1.22108e+00
1.91135e+00 1.12707e+00
1.80069e+00 1.10143e+00
1.65447e+00 1.12770e+00
1.50267e+00 1.18046e+00
1.35691e+00 1.25005e+00
1.22214e+00 1.32889e+00
1.09597e+00 1.41746e+00
9.91614e-01 1.50541e+00
9.06441e-01 1.59196e+00
8.31700e-01 1.68275e+00
7.69345e-01 1.77281e+00
7.21018e-01 1.85773e+00
6.86692e-01 1.93547e+00
6.61425e-01 2.00786e+00
6.40486e-01 2.07829e+00
6.23763e-01 2.14753e+00
6.10992e-01 2.21553e+00
6.01866e-01 2.28206e+00
5.96088e-01 2.34687e+00
5.93371e-01 2.40977e+00
5.93438e-01 2.47061e+00
5.96443e-01 2.52882e+00
6.02323e-01 2.58402e+00
6.10761e-01 2.63612e+00
6.21453e-01 2.68504e+00
6.34106e-01 2.73075e+00
6.48444e-01 2.77322e+00
6.66805e-01 2.81009e+00
6.90054e-01 2.84001e+00
7.20455e-01 2.85865e+00
7.58366e-01 2.86444e+00
8.04070e-01 2.85579e+00
8.57763e-01 2.83116e+00
9.19919e-01 2.78886e+00
9.95524e-01 2.72441e+00
1.08600e+00 2.63438e+00
1.19260e+00 2.51425e+00
1.32074e+00 2.35642e+00
1.47164e+00 2.15757e+00
1.63081e+00 1.92703e+00
1.78745e+00 1.67602e+00
1.91413e+00 1.43548e+00
1.96433e+00 1.24945e+00
1.92954e+00 1.13917e+00
1.82906e+00 1.10059e+00
1.68795e+00 1.11763e+00
1.53532e+00 1.16617e+00
1.38733e+00 1.23311e+00
1.24947e+00 1.31079e+00
1.12116e+00 1.39778e+00
1.01181e+00 1.48645e+00
9.23804e-01 1.57240e+00
8.47064e-01 1.66211e+00
7.81476e-01 1.75322e+00
7.30121e-01 1.83941e+00
6.92765e-01 1.91915e+00
6.66204e-01 1.99219e+00
6.44372e-01 2.06310e+00
6.26769e-01 2.13259e+00
6.13184e-01 2.20091e+00
6.03310e-01 2.26779e+00
5.96848e-01 2.33301e+00
5.93507e-01 2.39636e+00
5.93009e-01 2.45767e+00
5.95361e-01 2.51652e+00
6.00659e-01 2.57240e+00
6.08582e-01 2.62519e+00
6.18824e-01 2.67481e+00
6.31089e-01 2.72123e+00
6.45097e-01 2.76440e+00
6.62414e-01 2.80268e+00
6.84573e-01 2.83421e+00
7.13401e-01 2.85539e+00
7.49665e-01 2.86407e+00
7.93667e-01 2.85864e+00
8.45621e-01 2.83757e+00
9.05644e-01 2.79937e+00
9.78252e-01 2.73992e+00
1.06542e+00 2.65565e+00
1.16797e+00 2.54312e+00
1.29141e+00 2.39349e+00
1.43730e+00 2.20383e+00
1.59579e+00 1.97942e+00
1.75378e+00 1.73149e+00
1.89348e+00 1.48305e+00
1.96212e+00 1.28242e+00
1.94454e+00 1.15499e+00
1.85541e+00 1.10273e+00
1.72047e+00 1.10976e+00
1.56722e+00 1.15441e+00
1.41772e+00 1.21801e+00
1.27737e+00 1.29395e+00
1.14732e+00 1.37890e+00
1.03319e+00 1.46790e+00
9.40820e-01 1.55457e+00
8.62188e-01 1.64318e+00
7.93620e-01 1.73515e+00
7.39455e-01 1.82241e+00
6.98786e-01 1.90403e+00
6.70668e-01 1.97792e+00
6.48016e-01 2.04925e+00
6.29604e-01 2.11896e+00
6.15271e-01 2.18756e+00
6.04709e-01 2.25477e+00
5.97615e-01 2.32035e+00
5.93700e-01 2.38410e+00
5.92681e-01 2.44584e+00
5.94433e-01 2.50528e+00
5.99195e-01 2.56177e+00
6.06644e-01 2.61518e+00
6.16470e-01 2.66544e+00
6.28377e-01 2.71250e+00
6.42080e-01 2.75632e+00
6.58446e-01 2.79587e+00
6.79643e-01 2.82881e+00
7.07039e-01 2.85230e+00
7.41805e-01 2.86359e+00
7.84255e-01 2.86109e+00
8.34624e-01 2.84325e+00
8.93049e-01 2.80856e+00
9.63002e-01 2.75353e+00
1.04724e+00 2.67436e+00
1.14701e+00 2.56766e+00
1.26646e+00 2.42502e+00
1.40808e+00 2.24318e+00
1.56599e+00 2.02399e+00
1.72512e+00 1.77868e+00
1.87226e+00 1.52606e+00
1.95461e+00 1.31539e+00
1.95125e+00 1.17515e+00
1.87421e+00 1.10966e+00
1.74672e+00 1.10643e+00
1.59399e+00 1.14697e+00
1.44403e+00 1.20701e+00
1.30222e+00 1.28078e+00
1.17114e+00 1.36341e+00
1.05309e+00 1.45228e+00
9.57075e-01 1.53920e+00
8.76417e-01 1.62708e+00
8.05341e-01 1.71956e+00
7.48733e-01 1.80761e+00
7.05773e-01 1.89017e+00
6.76609e-01 1.96442e+00
6.53072e-01 2.03602e+00
6.33784e-01 2.10583e+00
6.18637e-01 2.17459e+00
6.07319e-01 2.24201e+00
5.99528e-01 2.30785e+00
5.94970e-01 2.37191e+00
5.93364e-01 2.43399e+00
5.94458e-01 2.49393e+00
5.98625e-01 2.55095e+00
6.05541e-01 2.60492e+00
6.14892e-01 2.65576e+00
6.26381e-01 2.70341e+00
6.39720e-01 2.74783e+00
6.55177e-01 2.78852e+00
6.75452e-01 2.82274e+00
7.01499e-01 2.84833e+00
7.34844e-01 2.86201e+00
7.75817e-01 2.86221e+00
8.24669e-01 2.84737e+00
8.81554e-01 2.81595e+00
9.48971e-01 2.76507e+00
1.03040e+00 2.69068e+00
1.12728e+00 2.58929e+00
1.24216e+00 2.45408e+00
1.37928e+00 2.28020e+00
1.53612e+00 2.06664e+00
1.69544e+00 1.82569e+00
1.84631e+00 1.57271e+00
1.94259e+00 1.35254e+00
1.95602e+00 1.19782e+00
1.89202e+00 1.11841e+00
1.77283e+00 1.10420e+00
1.62211e+00 1.13907e+00
1.47165e+00 1.19539e+00
1.32827e+00 1.26691e+00
1.19610e+00 1.34712e+00
1.07393e+00 1.43588e+00
9.74082e-01 1.52306e+00
8.91295e-01 1.61019e+00
8.18486e-01 1.70176e+00
7.59092e-01 1.79073e+00
7.13524e-01 1.87440e+00
6.81794e-01 1.95036e+00
6.57398e-01 2.02232e+00
6.37263e-01 2.09230e+00
6.21330e-01 2.16128e+00
6.09286e-01 2.22897e+00
6.00828e-01 2.29514e+00
5.95659e-01 2.35956e+00
5.93496e-01 2.42204e+00
5.94064e-01 2.48242e+00
5.97651e-01 2.54002e+00
6.04049e-01 2.59459e+00
6.12943e-01 2.64604e+00
6.24032e-01 2.69431e+00
6.37026e-01 2.73936e+00
6.51652e-01 2.78117e+00
6.70975e-01 2.81674e+00
6.95622e-01 2.84451e+00
7.27497e-01 2.86071e+00
7.66944e-01 2.86372e+00
8.14229e-01 2.85199e+00
8.69528e-01 2.82399e+00
9.34325e-01 2.77740e+00
1.01286e+00 2.70799e+00
1.10655e+00 2.61228e+00
1.21701e+00 2.48474e+00
1.34960e+00 2.31898e+00
1.50523e+00 2.11129e+00
1.66479e+00 1.87503e+00
1.81976e+00 1.62141e+00
1.93076e+00 1.39107e+00
1.96179e+00 1.22106e+00
1.91133e+00 1.12707e+00
1.80067e+00 1.10143e+00
1.65444e+00 1.12771e+00
1.50264e+00 1.18048e+00
1.35689e+00 1.25007e+00
1.22212e+00 1.32891e+00
1.09595e+00 1.41747e+00
9.91598e-01 1.50542e+00
9.06427e-01 1.59197e+00
8.31688e-01 1.68277e+00
7.69336e-01 1.77282e+00
7.21011e-01 1.85774e+00
6.86687e-01 1.93548e+00
6.61421e-01 2.00788e+00
6.40482e-01 2.07830e+00
6.23761e-01 2.14754e+00
6.10990e-01 2.21555e+00
6.01865e-01 2.28207e+00
5.96087e-01 2.34688e+00
5.93371e-01 2.40978e+00
5.93439e-01 2.47062e+00
5.96444e-01 2.52883e+00
6.02324e-01 2.58403e+00
6.10763e-01 2.63613e+00
6.21455e-01 2.68505e+00
6.34109e-01 2.73076e+00
6.48447e-01 2.77323e+00
6.66808e-01 2.81010e+00
6.90059e-01 2.84001e+00
7.20461e-01 2.85866e+00
7.58374e-01 2.86444e+00
8.04079e-01 2.85579e+00
8.57773e-01 2.83116e+00
9.19931e-01 2.78885e+00
9.95540e-01 2.72439e+00
1.08602e+00 2.63436e+00
1.19263e+00 2.51422e+00
1.32076e+00 2.35639e+00
1.47166e+00 2.15753e+00
1.63084e+00 1.92699e+00
1.78748e+00 1.67598e+00
1.91415e+00 1.43544e+00
1.96433e+00 1.24942e+00
1.92953e+00 1.13916e+00
1.82904e+00 1.10059e+00
1.68792e+00 1.11764e+00
1.53529e+00 1.16618e+00
1.38731e+00 1.23313e+00
1.24945e+00 1.31081e+00
1.12113e+00 1.39780e+00
1.01179e+00 1.48646e+00
9.23790e-01 1.57241e+00
8.47051e-01 1.66213e+00
7.81466e-01 1.75324e+00
7.30113e-01 1.83943e+00
6.92760e-01 1.91917e+00
6.66201e-01 1.99221e+00
6.44370e-01 2.06311e+00
6.26767e-01 2.13260e+00
6.13183e-01 2.20092e+00
6.03310e-01 2.26780e+00
5.96847e-01 2.33302e+00
5.93507e-01 2.39637e+00
5.93010e-01 2.45768e+00
5.95362e-01 2.51653e+00
6.00660e-01 2.57241e+00
6.08584e-01 2.62520e+00
6.18826e-01 2.67482e+00
6.31092e-01 2.72123e+00
6.45100e-01 2.76441e+00
6.62418e-01 2.80268e+00
6.84577e-01 2.83421e+00
7.13406e-01 2.85540e+00
7.49672e-01 2.86407e+00
7.93675e-01 2.85864e+00
8.45630e-01 2.83757e+00
9.05655e-01 2.79936e+00
9.78265e-01 2.73991e+00
1.06544e+00 2.65564e+00
1.16798e+00 2.54309e+00
1.29143e+00 2.39346e+00
1.43732e+00 2.20380e+00
1.59582e+00 1.97938e+00
1.75380e+00 1.73145e+00
1.89350e+00 1.48301e+00
1.96213e+00 1.28239e+00
1.94453e+00 1.15497e+00
1.85539e+00 1.10273e+00
1.72045e+00 1.10976e+00
1.56719e+00 1.15442e+00
1.41770e+00 1.21802e+00
1.27735e+00 1.29396e+00
1.14730e+00 1.37891e+00
1.03317e+00 1.46791e+00
9.40806e-01 1.55458e+00
8.62176e-01 1.64319e+00
7.93610e-01 1.73516e+00
7.39448e-01 1.82243e+00
6.98780e-01 1.90404e+00
6.70663e-01 1.97793e+00
6.48012e-01 2.04926e+00
6.29600e-01 2.11898e+00
6.15268e-01 2.18757e+00
6.04707e-01 2.25478e+00
5.97614e-01 2.32036e+00
5.93699e-01 2.38411e+00
5.92681e-01 2.44585e+00
5.94433e-01 2.50529e+00
5.99195e-01 2.56178e+00
6.06645e-01 2.61519e+00
6.16472e-01 2.66545e+00
6.28379e-01 2.71250e+00
6.42082e-01 2.75632e+00
6.58448e-01 2.79587e+00
6.79647e-01 2.82881e+00
7.07044e-01 2.85230e+00
7.41811e-01 2.86359e+00
7.84263e-01 2.86109e+00
8.34633e-01 2.84325e+00
8.93059e-01 2.80856e+00
9.63014e-01 2.75352e+00
1.04726e+00 2.67434e+00
1.14702e+00 2.56765e+00
1.26648e+00 2.42500e+00
1.40810e+00 2.24315e+00
1.56601e+00 2.02395e+00
1.72514e+00 1.77865e+00
1.87228e+00 1.52603e+00
1.95462e+00 1.31536e+00
1.95125e+00 1.17513e+00
1.87419e+00 1.10966e+00
1.74671e+00 1.10643e+00
1.59397e+00 1.14698e+00
1.44401e+00 1.20702e+00
1.30220e+00 1.28079e+00
1.17113e+00 1.36342e+00
1.05308e+00 1.45229e+00
9.57063e-01 1.53921e+00
8.76407e-01 1.62709e+00
8.05332e-01 1.71957e+00
7.48726e-01 1.80762e+00
7.05767e-01 1.89018e+00
6.76605e-01 1.96443e+00
6.53069e-01 2.03603e+00
6.33781e-01 2.10584e+00
6.18635e-01 2.17459e+00
6.07317e-01 2.24202e+00
5.99527e-01 2.30786e+00
5.94970e-01 2.37191e+00
5.93364e-01 2.43400e+00
5.94459e-01 2.49394e+00
5.98626e-01 2.55096e+00
6.05542e-01 2.60493e+00
6.14894e-01 2.65577e+00
6.26382e-01 2.70341e+00
6.39722e-01 2.74783e+00
6.55180e-01 2.78853e+00
6.75455e-01 2.82275e+00
7.01503e-01 2.84833e+00
7.34849e-01 2.86201e+00
7.75824e-01 2.86221e+00
8.24676e-01 2.84736e+00
8.81563e-01 2.81595e+00
9.48981e-01 2.76506e+00
1.03041e+00 2.69067e+00
1.12729e+00 2.58928e+00
1.24218e+00 2.45406e+00
1.37930e+00 2.28018e+00
1.53614e+00 2.06660e+00
1.69546e+00 1.82565e+00
1.84633e+00 1.57267e+00
1.94260e+00 1.35251e+00
1.95602e+00 1.19781e+00
1.89201e+00 1.11840e+00
1.77281e+00 1.10420e+00
1.62209e+00 1.13908e+00
1.47163e+00 1.19540e+00
1.32825e+00 1.26692e+00
1.19608e+00 1.34713e+00
