-2.34656e-01 -1.62344e-01
-1.26379e-01 1.16552e-01
1.66294e-01 -1.96057e-01
5.20784e-02 7.60779e-02
1.11150e-01 -3.85915e-03
-2.76513e-01 2.42946e-01
4.28644e-01 -4.00742e-01
4.18475e-02 -1.49877e-01
-2.53727e-01 2.35494e-01
9.34388e-03 -2.54288e-01
1.43278e-01 -4.93408e-02
-8.45299e-02 1.49455e-01
7.75031e-02 -3.46076e-02
-6.39170e-02 -2.98506e-01
-3.87610e-01 -2.79183e-01
-7.63845e-02 1.82909e-01
2.38060e-01 4.25939e-01
5.33240e-02 1.54189e-01
3.89258e-02 -6.01399e-02
-7.06187e-02 -2.62799e-02
1.82192e-01 -1.55478e-01
-7.21738e-02 6.23804e-02
3.74453e-01 3.09628e-02
-4.94869e-02 6.50553e-02
-3.06927e-01 2.50793e-01
9.71048e-02 -1.58002e-02
-6.78188e-01 3.10171e-01
1.02356e-01 -5.72562e-02
1.24693e-01 1.49002e-01
5.27504e-03 1.07678e-01
-2.06668e-01 -3.12013e-01
-1.83773e-01 2.10916e-01
-6.79123e-02 2.07668e-01
4.07331e-01 -4.40311e-01
-3.07680e-01 3.04000e-01
-1.07322e-01 1.25681e-01
-1.62469e-01 3.28479e-02
4.32219e-02 9.42085e-03
5.28712e-01 -4.97962e-01
-2.55474e-01 2.83844e-01
4.56571e-01 -4.41967e-01
2.88874e-01 -2.63366e-01
3.03456e-01 -3.16927e-01
2.20859e-01 1.19956e-01
-1.33403e-01 2.75758e-01
3.27267e-01 -3.41367e-01
2.28227e-02 -5.36988e-01
-5.82707e-01 1.60938e-01
-3.70031e-02 2.93507e-02
2.17443e-01 -2.46151e-01
-1.47666e-01 1.34582e-01
-1.17486e-01 -2.07661e-01
-1.11623e-01 2.44261e-01
1.21737e-02 -3.29153e-01
4.35015e-01 -4.85933e-01
-1.23260e-01 1.41360e-01
-1.97709e-01 8.39323e-02
-2.99532e-01 3.24687e-01
-8.47618e-02 5.15575e-02
-2.05133e-01 1.85950e-01
-1.20790e-01 3.97380e-01
3.41565e-03 4.80851e-02
-1.84060e-01 1.18548e-01
-2.09376e-02 -7.79993e-02
