4.88563e-01
-2.11688e-02
4.71199e-01
1.88735e-01
3.48809e-01
3.09222e-01
-4.07411e-01
-8.21938e-02
-3.20233e-01
6.55406e-01
-3.06823e-01
1.82742e-01
-6.92921e-02
4.16630e-01
4.78040e-01
1.56441e-02
5.88249e-01
-2.60237e-01
4.56235e-01
-2.00555e-01
-4.73889e-01
9.66959e-02
-3.15810e-01
7.11118e-01
1.05466e-01
-5.89909e-01
3.20080e-01
3.53867e-01
-1.98612e-01
-4.37963e-01
3.30767e-01
2.95820e-01
-8.46899e-03
-3.84219e-01
3.53017e-01
-1.46104e-01
-2.17328e-01
-3.20759e-01
-3.12585e-01
-1.67683e-01
4.54521e-01
-2.43403e-01
5.77392e-02
-7.47410e-01
5.45257e-01
1.35810e-01
-2.50278e-02
-6.99187e-01
-4.44631e-01
-6.98871e-02
6.70471e-01
3.53598e-01
1.54387e-01
4.07596e-01
5.05470e-01
4.01134e-02
3.92056e-01
9.41218e-02
6.74151e-01
6.11665e-01
5.42615e-01
-2.25682e-01
6.59347e-02
-1.82098e-01
