-1.10791e-01
2.30145e-01
-2.42944e-01
2.07841e-01
1.01232e-01
8.67425e-02
-9.57584e-02
2.95011e-01
3.15760e-01
2.65801e-01
2.24135e-01
1.18025e-01
1.16187e-01
2.69637e-01
2.40367e-01
1.16269e-01
-7.28376e-02
8.32498e-02
-3.69577e-01
2.72055e-01
3.29623e-01
-2.97244e-01
1.77615e-01
9.17839e-02
-7.01321e-03
5.23664e-02
-6.66732e-02
-1.57082e-01
2.25032e-01
1.78819e-01
3.03859e-01
1.42826e-01
4.07265e-02
-3.92023e-01
8.31786e-02
-1.98331e-01
3.31909e-01
2.03373e-01
8.54395e-02
2.95253e-01
8.49699e-02
8.01209e-02
1.98776e-01
1.00000e-01
-5.01395e-03
2.56396e-01
1.53284e-01
2.65852e-01
6.36641e-02
9.95587e-02
2.06175e-01
7.56770e-02
2.07928e-01
-1.39898e-01
3.10640e-01
-2.90388e-02
2.35871e-01
3.14208e-01
1.00000e-01
2.41378e-01
-2.41892e-01
2.30866e-01
9.61479e-02
-2.67065e-01
