4.62014e-01 -4.25499e-01
2.15271e-01 -1.70093e-01
1.53342e+00 -1.54937e+00
-3.20915e-03 2.75170e-01
4.41104e-01 -4.61801e-01
1.84351e-01 -7.86811e-02
5.20474e-01 -5.74268e-01
-2.59387e-01 3.67111e-01
-1.86107e-01 2.05619e-01
6.68565e-01 -7.59563e-01
-4.24853e-02 2.01438e-01
1.49379e-01 -1.11890e-01
2.50602e-01 -1.67797e-01
-2.76029e-01 4.14280e-01
-7.68641e-02 2.72604e-01
-3.12067e-01 3.96667e-01
8.85307e-02 -5.61799e-01
-4.99608e-02 -1.25185e-01
9.02130e-01 -9.00199e-01
-1.39587e-01 1.39584e-01
3.64613e-01 -3.32276e-01
1.08601e+00 -1.05020e+00
1.10727e-03 2.69501e-01
5.64104e-02 -5.68274e-02
3.75220e-01 -3.25535e-01
3.43806e-01 -1.82216e-01
-1.15136e-01 -3.53562e-01
5.53731e-01 -4.27583e-01
-4.52160e-02 2.02969e-01
-9.91118e-03 2.67137e-02
-2.08749e-01 2.30919e-01
1.03620e-01 -1.84265e-01
-5.32766e-02 -3.39148e-03
7.18722e-01 -6.76539e-01
-5.00245e-02 1.39835e-01
6.28072e-01 -6.31612e-01
2.49550e-01 -3.39810e-01
-3.28118e-01 2.35546e-01
-9.83231e-02 -3.17926e-02
1.80251e-01 -3.85866e-01
3.39984e-01 -4.16561e-01
-6.94329e-02 1.62391e-02
2.15140e-01 1.47813e-01
9.45541e-02 9.01675e-02
-9.21834e-01 5.78997e-01
-4.25455e-01 3.60367e-01
1.93122e-01 7.19651e-02
-1.23413e-01 2.70856e-01
2.08153e-01 -1.68670e-01
4.25544e-02 -6.17598e-02
-7.20895e-02 5.92675e-02
2.96223e-01 -2.57525e-01
1.31701e-01 -3.28854e-01
-1.20580e+00 1.03299e+00
-1.37703e-01 1.73303e-01
4.22219e-01 -4.63556e-01
-2.03746e-01 2.07594e-01
-2.51707e-01 2.81165e-01
1.17538e-02 1.08298e-01
-5.83412e-02 1.25542e-01
5.79572e-01 -5.80135e-01
2.41861e-01 1.85023e-01
2.23553e-01 -2.08923e-01
-7.07662e-01 7.55867e-01
